max_size	None
min_freq	None
unknown	<unk>
padding	<pad>
rebuild	False

坐	22	379	0
标	18	433	0
新	289	40	0
乡	225	49	0
卫	202	55	0
辉	184	64	0
,	2911	2	0
整	21	391	0
个	339	31	0
村	348	28	0
庄	127	86	0
全	112	97	0
部	108	102	0
被	332	33	0
淹	115	95	0
急	404	19	0
需	504	13	0
救	623	8	0
援	552	10	0
人	869	3	0
员	84	132	0
只	50	195	0
能	106	105	0
在	490	15	0
屋	31	294	0
顶	74	142	0
防	27	319	0
汛	13	518	0
抗	18	434	0
灾	102	106	0
物	252	46	0
资	155	74	0
及	47	210	0
设	37	257	0
备	45	221	0
望	60	166	0
社	24	354	0
会	29	304	0
各	32	286	0
界	20	402	0
士	38	252	0
给	19	418	0
予	2	1088	0
帮	79	138	0
助	109	101	0
市	297	38	0
牧	53	181	0
野	53	182	0
区	377	24	0
寺	27	320	0
电	430	17	0
话	138	81	0
1	757	5	0
8	434	16	0
2	532	11	0
3	619	9	0
7	389	23	0
5	427	18	0
6	348	29	0
基	25	340	0
本	29	305	0
情	121	92	0
况	88	128	0
两	193	58	0
位	240	48	0
老	322	34	0
困	245	47	0
断	165	70	0
水	764	4	0
粮	36	262	0
有	747	6	0
心	61	162	0
脏	9	601	0
病	43	232	0
曲	2	1089	0
韩	6	733	0
我	148	76	0
的	494	14	0
家	300	36	0
河	204	53	0
决	35	269	0
堤	64	157	0
倒	40	242	0
灌	36	263	0
挣	1	1290	0
小	317	35	0
请	162	73	0
求	198	57	0
县	95	115	0
胡	39	247	0
桥	55	176	0
时	122	91	0
进	92	121	0
高	69	147	0
度	10	573	0
已	395	20	0
超	37	258	0
过	94	118	0
腰	17	450	0
住	70	146	0
户	44	224	0
里	221	51	0
到	223	50	0
大	299	37	0
腿	25	341	0
;	19	419	0
呼	17	451	0
吁	12	535	0
政	28	311	0
府	23	364	0
关	61	163	0
注	25	342	0
现	269	42	0
用	83	134	0
处	44	225	0
于	68	150	0
没	391	21	0
气	16	474	0
如	38	253	0
果	24	355	0
再	17	452	0
不	333	32	0
来	83	135	0
都	135	82	0
将	20	403	0
面	134	84	0
临	17	453	0
局	16	475	0
中	185	63	0
/	7	685	0
以	84	133	0
上	262	44	0
是	168	69	0
儿	54	179	0
童	17	454	0
和	192	59	0
凤	40	243	0
泉	47	211	0
绿	13	519	0
茵	9	602	0
畔	9	603	0
东	135	83	0
一	506	12	0
9	372	25	0
4	263	43	0
这	68	151	0
孕	25	343	0
妇	38	254	0
他	50	196	0
丈	1	1291	0
夫	7	686	0
起	5	804	0
挺	4	871	0
了	391	22	0
天	171	67	0
夜	34	274	0
占	6	734	0
城	49	200	0
三	107	103	0
营	17	455	0
涨	53	183	0
太	29	306	0
快	62	161	0
内	46	215	0
经	221	52	0
米	110	100	0
多	181	65	0
深	96	113	0
看	34	275	0
此	8	638	0
信	124	89	0
息	49	201	0
后	59	168	0
朋	55	177	0
友	64	158	0
圈	12	536	0
忙	52	188	0
几	53	184	0
千	18	435	0
号	190	60	0
等	91	124	0
待	56	171	0
。	372	26	0
南	126	87	0
省	47	212	0
块	17	456	0
镇	100	109	0
陈	6	735	0
堡	4	872	0
0	702	7	0
宝	18	436	0
岁	95	116	0
半	22	380	0
月	48	207	0
妈	11	553	0
还	144	77	0
爷	15	484	0
奶	31	295	0
胸	9	604	0
口	139	80	0
温	4	873	0
佳	5	805	0
利	12	537	0
联	346	30	0
系	290	39	0
方	92	122	0
式	32	287	0
:	354	27	0
郑	190	61	0
附	79	139	0
院	97	112	0
医	48	208	0
车	169	68	0
辆	44	226	0
转	65	155	0
运	34	276	0
合	8	639	0
适	2	1090	0
烦	19	420	0
谢	61	164	0
下	253	45	0
园	119	93	0
楼	201	56	0
(	91	125	0
德	4	874	0
地	187	62	0
图	6	736	0
搜	8	640	0
索	4	875	0
)	89	127	0
门	56	172	0
左	43	233	0
右	46	216	0
泡	22	381	0
.	64	159	0
孩	178	66	0
子	164	71	0
年	44	227	0
做	12	538	0
完	22	382	0
搭	2	1091	0
手	140	79	0
术	11	554	0
寻	17	457	0
皮	52	189	0
划	39	248	0
艇	69	148	0
机	163	72	0
量	43	234	0
足	12	539	0
鹤	28	312	0
壁	29	307	0
浚	27	321	0
淇	12	540	0
共	32	288	0
产	24	356	0
主	23	365	0
义	17	458	0
渠	10	574	0
交	32	289	0
叉	22	383	0
北	77	141	0
刘	22	384	0
闸	3	958	0
线	26	328	0
队	141	78	0
去	118	94	0
要	284	41	0
由	17	459	0
游	8	641	0
直	45	222	0
泄	30	299	0
旁	17	460	0
边	73	144	0
至	18	437	0
少	24	357	0
往	47	213	0
流	28	313	0
专	21	392	0
业	40	244	0
洪	61	165	0
固	5	806	0
工	43	235	0
具	19	421	0
缺	85	130	0
生	102	107	0
衣	35	270	0
很	66	153	0
民	56	173	0
自	36	264	0
发	93	120	0
组	18	438	0
织	17	461	0
码	8	642	0
头	35	271	0
近	92	123	0
移	41	240	0
目	85	131	0
前	133	85	0
钢	3	959	0
筋	2	1092	0
焊	1	1292	0
成	24	358	0
铁	19	422	0
龙	31	296	0
堵	25	344	0
州	152	75	0
数	21	393	0
截	5	807	0
止	5	808	0
午	36	265	0
点	81	136	0
无	101	108	0
饮	21	394	0
食	99	111	0
置	49	202	0
避	12	541	0
难	20	404	0
昨	38	255	0
晚	43	236	0
双	6	737	0
邻	15	485	0
继	11	555	0
续	26	329	0
百	21	395	0
姓	14	502	0
命	8	643	0
危	26	330	0
旦	2	1093	0
夕	1	1293	0
紧	68	152	0
平	23	366	0
安	49	203	0
跪	1	1294	0
开	43	237	0
始	21	396	0
可	100	110	0
接	34	277	0
其	39	249	0
热	9	605	0
网	26	331	0
切	5	809	0
勿	1	1295	0
打	34	278	0
扰	1	1296	0
撤	15	486	0
离	23	367	0
十	95	117	0
官	10	575	0
失	58	170	0
比	17	462	0
较	23	368	0
彻	4	876	0
未	25	345	0
眠	2	1094	0
力	43	238	0
己	8	644	0
想	10	576	0
办	10	577	0
法	52	190	0
但	26	332	0
那	50	197	0
些	12	542	0
剩	5	810	0
们	112	98	0
怎	11	556	0
么	20	405	0
朱	5	811	0
珠	10	578	0
峰	8	645	0
排	46	217	0
赵	13	520	0
女	49	204	0
描	19	423	0
述	19	424	0
行	45	223	0
动	34	279	0
便	36	266	0
瘫	6	738	0
痪	4	877	0
停	107	104	0
试	2	1095	0
通	64	160	0
今	26	333	0
王	42	239	0
周	29	308	0
落	5	812	0
差	9	606	0
层	44	228	0
也	53	185	0
洛	7	687	0
阳	30	300	0
送	44	229	0
金	33	282	0
穗	1	1297	0
道	126	88	0
公	32	290	0
段	11	557	0
积	21	397	0
牌	7	688	0
冲	41	241	0
掉	1	1298	0
最	37	259	0
锋	24	359	0
舟	23	369	0
走	30	301	0
因	27	322	0
为	27	323	0
吃	52	191	0
恳	7	689	0
尽	18	439	0
得	16	476	0
西	87	129	0
街	65	156	0
与	28	314	0
学	91	126	0
校	33	283	0
路	203	54	0
向	18	440	0
同	60	167	0
原	33	284	0
梯	3	960	0
先	13	521	0
样	12	543	0
观	2	1096	0
澜	1	1299	0
详	14	503	0
细	12	544	0
容	15	487	0
带	32	291	0
着	34	280	0
每	2	1097	0
爬	1	1300	0
越	19	425	0
扛	5	813	0
疗	6	739	0
投	10	579	0
湖	39	250	0
彩	8	646	0
虹	7	690	0
真	23	370	0
外	56	174	0
支	74	143	0
麻	17	463	0
战	10	580	0
应	30	302	0
非	22	385	0
常	23	371	0
好	53	186	0
毅	1	1301	0
雨	50	198	0
核	96	114	0
实	111	99	0
间	53	187	0
仍	22	386	0
狮	8	647	0
豹	9	607	0
长	26	334	0
体	47	214	0
毁	6	740	0
唯	2	1098	0
出	94	119	0
山	49	205	0
络	4	878	0
底	6	741	0
从	34	281	0
任	13	522	0
何	16	477	0
消	30	303	0
留	12	545	0
守	8	648	0
迫	3	961	0
级	5	814	0
领	8	649	0
导	9	608	0
者	78	140	0
增	6	742	0
愿	54	180	0
建	15	488	0
总	3	962	0
港	5	815	0
f	4	879	0
座	10	581	0
募	8	650	0
捐	17	464	0
喝	20	406	0
充	11	558	0
垃	6	743	0
圾	6	744	0
袋	35	272	0
t	2	1099	0
恤	3	963	0
胶	9	609	0
密	6	745	0
封	5	816	0
灯	11	559	0
赠	13	523	0
聚	1	1302	0
集	10	582	0
然	7	691	0
之	20	407	0
旅	2	1100	0
帝	4	880	0
台	17	465	0
硬	1	1303	0
质	7	692	0
拉	12	546	0
并	8	651	0
且	15	489	0
域	7	693	0
跟	7	694	0
溪	2	1101	0
邸	3	964	0
牟	27	324	0
芦	9	610	0
庙	28	315	0
御	2	1102	0
国	21	398	0
际	5	817	0
知	71	145	0
名	66	154	0
叫	3	965	0
郭	7	695	0
松	2	1103	0
微	7	696	0
哥	8	652	0
暴	13	524	0
农	9	611	0
田	5	818	0
问	7	697	0
津	2	1104	0
状	22	387	0
受	56	175	0
皆	2	1105	0
死	3	966	0
亡	3	967	0
达	26	335	0
房	69	149	0
严	55	178	0
重	81	137	0
乏	9	612	0
装	27	325	0
土	11	560	0
堆	1	1304	0
奈	1	1305	0
垮	1	1306	0
阶	4	881	0
概	15	490	0
吧	8	653	0
载	2	1106	0
峪	9	613	0
渔	3	968	0
日	44	230	0
源	14	504	0
稳	20	408	0
定	25	346	0
该	6	746	0
丧	1	1307	0
对	52	192	0
希	50	199	0
够	16	478	0
施	2	1107	0
让	17	466	0
优	5	819	0
糟	5	820	0
糕	5	821	0
漫	13	525	0
相	15	491	0
互	4	882	0
告	33	285	0
伍	14	505	0
驰	5	822	0
艺	2	1108	0
或	25	347	0
管	27	326	0
理	15	492	0
统	4	883	0
调	7	698	0
配	12	547	0
宋	4	884	0
荣	3	969	0
杰	1	1308	0
馆	11	561	0
二	124	90	0
七	23	372	0
立	5	823	0
张	31	297	0
仲	1	1309	0
景	16	479	0
诊	1	1310	0
当	14	506	0
贾	12	548	0
鲁	9	614	0
阜	8	654	0
华	17	467	0
血	9	615	0
畅	5	824	0
品	52	193	0
期	13	526	0
条	26	336	0
件	20	409	0
爱	16	480	0
团	8	655	0
饭	23	373	0
结	3	970	0
师	24	360	0
患	9	616	0
护	17	468	0
马	46	218	0
坊	18	441	0
胞	6	747	0
·	15	493	0
获	7	699	0
嘉	14	507	0
世	7	700	0
青	17	469	0
蓝	9	617	0
活	25	348	0
靠	5	825	0
份	3	971	0
绵	1	1311	0
薄	2	1109	0
扩	23	374	0
据	6	748	0
挥	10	583	0
更	16	481	0
作	17	470	0
负	15	494	0
责	9	618	0
险	19	426	0
务	9	619	0
六	21	399	0
背	3	972	0
裤	6	749	0
袜	2	1110	0
展	3	973	0
永	6	750	0
秘	1	1312	0
书	8	656	0
李	20	410	0
莹	2	1111	0
沙	49	206	0
四	59	169	0
型	20	411	0
库	39	251	0
连	9	620	0
崩	3	974	0
塌	25	349	0
围	18	442	0
易	3	975	0
事	13	527	0
故	2	1112	0
均	7	701	0
代	3	976	0
表	4	885	0
就	38	256	0
圣	1	1313	0
脚	8	657	0
损	10	584	0
甥	2	1113	0
烧	10	585	0
窄	1	1314	0
保	20	412	0
健	7	702	0
科	15	495	0
室	22	388	0
布	18	443	0
鞋	17	471	0
-	36	267	0
男	22	389	0
勇	7	703	0
湿	3	977	0
透	5	826	0
穿	6	751	0
拖	11	562	0
干	15	496	0
谁	15	497	0
诉	2	1114	0
址	31	298	0
光	11	563	0
酒	13	528	0
店	37	260	0
琥	1	1315	0
珀	1	1316	0
次	15	498	0
分	48	209	0
她	17	472	0
说	14	508	0
迷	2	1115	0
持	20	413	0
第	46	219	0
属	28	316	0
吸	5	827	0
倩	2	1116	0
船	19	427	0
螺	3	978	0
旋	2	1117	0
桨	2	1118	0
雅	6	752	0
哈	4	886	0
匹	3	979	0
短	14	509	0
轴	1	1317	0
程	10	586	0
寸	1	1318	0
罩	3	980	0
照	8	658	0
强	4	887	0
补	4	888	0
粘	1	1319	0
破	2	1119	0
熟	4	889	0
盒	2	1120	0
帐	18	444	0
篷	15	499	0
指	10	587	0
环	23	375	0
&	1	1320	0
翔	8	659	0
融	7	704	0
智	7	705	0
谷	7	706	0
万	36	268	0
火	25	350	0
肠	3	981	0
包	12	549	0
牛	8	660	0
齐	3	982	0
江	3	983	0
脖	8	661	0
石	20	414	0
坚	7	707	0
渭	2	1121	0
、	35	273	0
态	18	445	0
m	14	510	0
徐	6	753	0
余	8	662	0
淌	3	984	0
感	19	428	0
沟	32	292	0
泵	24	361	0
扶	5	828	0
明	28	317	0
零	1	1321	0
油	37	261	0
汽	20	415	0
柴	10	588	0
毒	7	708	0
药	32	293	0
冒	3	985	0
泻	1	1322	0
祛	1	1323	0
暑	2	1122	0
晒	1	1324	0
影	5	829	0
响	6	754	0
使	6	755	0
耗	3	986	0
坏	5	830	0
修	4	890	0
散	21	400	0
广	14	511	0
汇	3	987	0
p	4	891	0
a	9	621	0
找	19	429	0
退	14	512	0
军	9	622	0
筒	7	709	0
捷	2	1123	0
瓦	1	1325	0
纪	4	892	0
抽	40	245	0
技	8	663	0
确	8	664	0
认	5	831	0
象	13	529	0
片	8	665	0
居	44	231	0
乐	16	482	0
花	23	376	0
尚	4	893	0
秀	7	710	0
紫	5	832	0
藤	2	1124	0
众	26	337	0
供	25	351	0
而	6	756	0
升	15	500	0
桶	4	894	0
范	5	833	0
措	1	1326	0
储	3	988	0
批	11	564	0
v	3	989	0
x	3	990	0
n	6	757	0
i	4	895	0
_	1	1327	0
l	2	1125	0
s	5	834	0
卜	1	1328	0
康	11	565	0
木	6	758	0
势	13	530	0
低	9	623	0
脱	3	991	0
晕	4	896	0
白	28	318	0
圆	3	992	0
满	14	513	0
提	18	446	0
宿	12	550	0
吗	24	362	0
休	5	835	0
虚	6	759	0
邮	2	1126	0
速	24	363	0
递	2	1127	0
商	26	338	0
仓	13	531	0
匮	2	1128	0
放	11	566	0
货	19	430	0
意	12	551	0
测	1	1329	0
!	114	96	0
思	2	1129	0
监	2	1130	0
池	3	993	0
正	20	416	0
囊	1	1330	0
抢	7	711	0
久	7	712	0
旱	2	1131	0
编	5	836	0
厂	29	309	0
即	13	532	0
萍	1	1331	0
幼	19	431	0
志	51	194	0
招	8	666	0
卸	14	514	0
‬	5	837	0
党	4	897	0
委	10	589	0
洋	2	1132	0
录	3	994	0
入	8	667	0
审	4	898	0
文	9	624	0
档	2	1133	0
含	1	1332	0
悉	3	995	0
参	3	996	0
随	9	625	0
早	9	626	0
疾	8	668	0
控	6	760	0
隔	3	997	0
武	8	669	0
警	6	761	0
登	1	1333	0
搬	6	762	0
孙	5	838	0
林	6	763	0
莲	1	1334	0
娣	1	1335	0
良	4	899	0
暖	5	839	0
荆	2	1134	0
陇	2	1135	0
海	20	417	0
兵	13	533	0
杨	7	713	0
极	6	764	0
八	27	327	0
岗	22	390	0
派	4	900	0
伞	2	1136	0
霍	1	1336	0
香	5	840	0
姐	19	432	0
妹	4	901	0
惠	4	902	0
济	5	841	0
森	2	1137	0
造	4	903	0
空	5	842	0
精	4	904	0
啥	5	843	0
候	6	765	0
苑	11	567	0
哪	7	714	0
亨	5	844	0
泽	5	845	0
亲	18	447	0
许	6	766	0
私	5	846	0
绳	4	905	0
箱	6	767	0
杀	4	906	0
樱	6	768	0
桃	7	715	0
记	5	847	0
拨	3	998	0
群	29	310	0
暂	7	716	0
伤	6	769	0
介	1	1337	0
绍	1	1338	0
站	40	246	0
侯	4	907	0
沿	7	717	0
岸	3	999	0
顿	6	770	0
屯	9	627	0
拔	1	1339	0
启	6	771	0
浩	2	1138	0
偏	4	908	0
瘦	1	1340	0
嘴	2	1139	0
角	2	1140	0
字	7	718	0
玉	2	1141	0
昆	1	1341	0
京	4	909	0
隧	3	1000	0
另	2	1142	0
蹚	1	1342	0
五	26	339	0
教	6	772	0
职	4	910	0
舍	5	848	0
缆	3	1001	0
筹	1	1343	0
刚	17	473	0
宇	9	628	0
场	25	352	0
啦	2	1143	0
呀	4	911	0
富	4	912	0
什	4	913	0
锡	1	1344	0
顺	3	1002	0
橡	3	1003	0
星	5	849	0
九	6	773	0
育	5	850	0
隆	2	1144	0
福	9	629	0
距	3	1004	0
遥	1	1345	0
陷	6	774	0
沉	1	1346	0
降	9	630	0
肉	2	1145	0
类	8	670	0
蔬	11	568	0
菜	16	483	0
性	9	631	0
碗	1	1347	0
筷	1	1348	0
套	5	851	0
潮	2	1146	0
垫	2	1147	0
纸	4	914	0
杯	1	1349	0
巾	2	1148	0
锦	6	775	0
绣	3	1005	0
凯	2	1149	0
坑	4	915	0
辰	1	1350	0
丽	3	1006	0
漏	2	1150	0
堪	1	1351	0
厅	2	1151	0
怕	4	916	0
隐	2	1152	0
勉	1	1352	0
楚	6	776	0
氏	4	917	0
骨	2	1153	0
治	5	852	0
桌	1	1353	0
+	6	777	0
b	6	778	0
净	1	1354	0
宅	2	1154	0
拜	8	671	0
瞿	1	1355	0
鼎	6	779	0
躺	2	1155	0
洗	3	1007	0
澡	1	1356	0
睡	6	780	0
觉	6	781	0
谈	1	1357	0
航	14	515	0
湾	8	672	0
身	21	401	0
色	11	569	0
黑	9	632	0
葛	3	1008	0
洎	1	1358	0
努	2	1156	0
敬	1	1359	0
樊	3	1009	0
撑	5	853	0
讲	6	782	0
宁	1	1360	0
夏	3	1010	0
填	1	1361	0
报	10	590	0
存	7	719	0
楷	1	1362	0
餐	8	673	0
托	8	674	0
博	6	783	0
锐	1	1363	0
呢	4	918	0
弟	11	570	0
铺	2	1157	0
回	18	448	0
族	2	1158	0
圃	1	1364	0
促	1	1365	0
解	11	571	0
铭	3	1011	0
功	4	919	0
红	25	353	0
艾	1	1366	0
昌	3	1012	0
古	4	920	0
史	3	1013	0
劳	5	854	0
床	9	633	0
轮	3	1014	0
链	1	1367	0
坍	10	591	0
致	7	720	0
勤	3	1015	0
收	8	675	0
钻	1	1368	0
碧	2	1159	0
祝	1	1369	0
贯	1	1370	0
巨	2	1160	0
节	2	1161	0
骏	1	1371	0
浸	4	921	0
裂	2	1162	0
缝	2	1163	0
抓	4	922	0
熙	2	1164	0
根	7	721	0
否	10	592	0
瑞	2	1165	0
娟	1	1372	0
粉	7	722	0
龄	8	676	0
婉	1	1373	0
害	3	1016	0
婆	1	1374	0
元	46	220	0
润	3	1017	0
栖	1	1375	0
倾	1	1376	0
斜	2	1166	0
趟	1	1377	0
取	1	1378	0
幢	1	1379	0
卡	4	923	0
~	1	1380	0
栏	2	1167	0
锤	2	1168	0
搞	2	1169	0
塑	4	924	0
料	4	925	0
风	8	677	0
韦	2	1170	0
彬	2	1171	0
皇	4	926	0
甫	4	927	0
琴	1	1381	0
滨	5	855	0
恒	3	1018	0
证	3	1019	0
依	3	1020	0
旧	1	1382	0
恢	2	1172	0
复	9	634	0
神	2	1173	0
窗	4	928	0
写	2	1174	0
波	2	1175	0
财	2	1176	0
估	3	1021	0
计	6	784	0
涂	2	1177	0
禄	1	1383	0
艰	1	1384	0
构	3	1022	0
所	18	449	0
宽	4	929	0
担	8	678	0
径	3	1023	0
蹦	1	1385	0
跃	1	1386	0
兴	3	1024	0
怡	1	1387	0
亚	2	1178	0
听	5	856	0
突	2	1179	0
击	1	1388	0
拟	1	1389	0
见	10	593	0
恩	1	1390	0
植	2	1180	0
冰	3	1025	0
尿	5	857	0
瓶	6	785	0
闭	1	1391	0
症	4	930	0
傅	4	931	0
买	5	858	0
侧	7	723	0
墙	5	859	0
挡	4	932	0
筑	5	860	0
塔	6	786	0
丰	2	1181	0
弱	10	594	0
残	6	787	0
珊	2	1182	0
荥	12	552	0
邯	1	1392	0
郸	1	1393	0
化	14	516	0
遗	2	1183	0
云	6	788	0
艘	6	789	0
溢	2	1184	0
享	2	1185	0
美	4	933	0
麟	1	1394	0
租	2	1186	0
吕	1	1395	0
濮	1	1396	0
凌	4	934	0
晨	4	935	0
赞	1	1397	0
露	3	1026	0
庭	2	1187	0
题	2	1188	0
褥	14	517	0
污	5	861	0
焦	2	1189	0
丹	2	1190	0
牺	2	1191	0
牲	2	1192	0
棋	2	1193	0
盘	4	936	0
洞	10	595	0
锹	5	862	0
凡	3	1027	0
又	6	790	0
熬	1	1398	0
赶	4	937	0
慢	8	679	0
传	2	1194	0
液	2	1195	0
权	1	1399	0
加	15	501	0
玛	1	1400	0
服	10	596	0
井	3	1028	0
乎	2	1196	0
俺	2	1197	0
械	3	1029	0
贤	1	1401	0
逐	1	1402	0
渐	1	1403	0
轻	7	724	0
滞	8	680	0
效	2	1198	0
裙	3	1030	0
必	7	725	0
喷	2	1199	0
压	9	635	0
遭	3	1031	0
殃	2	1200	0
q	1	1404	0
旗	5	863	0
矿	7	726	0
侦	1	1405	0
准	3	1032	0
限	10	597	0
执	1	1406	0
键	1	1407	0
陶	6	791	0
瓷	6	792	0
拐	2	1201	0
蒙	2	1202	0
鑫	3	1033	0
清	7	727	0
姗	2	1203	0
欢	2	1204	0
馒	2	1205	0
驾	2	1206	0
驶	2	1207	0
特	9	636	0
仙	1	1408	0
别	9	637	0
糖	2	1208	0
撒	1	1409	0
银	3	1034	0
糊	3	1035	0
仿	3	1036	0
讯	1	1410	0
绝	3	1037	0
变	1	1411	0
器	2	1209	0
杜	2	1210	0
k	2	1211	0
煮	1	1412	0
寨	6	793	0
爆	5	864	0
归	3	1038	0
父	7	728	0
母	5	865	0
怀	2	1212	0
黄	10	598	0
须	3	1039	0
耿	4	938	0
览	1	1413	0
棉	4	939	0
酮	3	1040	0
单	23	377	0
约	7	729	0
泛	1	1414	0
滥	1	1415	0
豫	3	1041	0
司	10	599	0
吴	3	1042	0
伸	6	794	0
舆	1	1416	0
论	1	1417	0
反	4	940	0
播	1	1418	0
楠	1	1419	0
琳	2	1213	0
卷	1	1420	0
挑	1	1421	0
染	3	1043	0
闷	1	1422	0
稍	2	1214	0
缓	2	1215	0
称	2	1216	0
输	5	866	0
项	4	941	0
宗	3	1044	0
纣	1	1423	0
殿	1	1424	0
？	1	1425	0
u	2	1217	0
寓	1	1426	0
翟	1	1427	0
除	2	1218	0
挖	3	1045	0
掘	3	1046	0
慎	1	1428	0
曾	2	1219	0
闪	1	1429	0
慧	2	1220	0
娜	1	1430	0
脑	1	1431	0
炎	1	1432	0
岩	1	1433	0
冷	1	1434	0
饿	4	942	0
汴	1	1435	0
格	1	1436	0
茂	1	1437	0
挨	8	681	0
夺	1	1438	0
声	3	1047	0
娘	3	1048	0
乘	1	1439	0
查	2	1221	0
询	2	1222	0
嘛	1	1440	0
兄	3	1049	0
炉	1	1441	0
啊	8	682	0
戚	2	1223	0
辛	23	378	0
尖	1	1442	0
伏	1	1443	0
羲	1	1444	0
言	1	1445	0
盛	1	1446	0
娃	1	1447	0
纺	1	1448	0
挂	7	730	0
筏	3	1050	0
w	1	1449	0
峡	1	1450	0
沦	2	1224	0
欣	1	1451	0
橦	1	1452	0
返	3	1051	0
汉	1	1453	0
激	1	1454	0
协	1	1455	0
罐	3	1052	0
盼	1	1456	0
淋	2	1225	0
哭	2	1226	0
闹	1	1457	0
视	6	795	0
频	4	943	0
r	1	1458	0
假	2	1227	0
班	3	1053	0
唐	13	534	0
卧	3	1054	0
弹	3	1055	0
纱	6	796	0
绪	6	797	0
换	2	1228	0
贴	2	1229	0
把	6	798	0
遍	2	1230	0
勐	1	1459	0
忽	1	1460	0
；	8	683	0
滑	3	1056	0
虽	1	1461	0
役	2	1231	0
聘	1	1462	0
英	4	944	0
浛	1	1463	0
洸	1	1464	0
泰	3	1057	0
悦	3	1058	0
巷	2	1232	0
塞	2	1233	0
购	3	1059	0
简	2	1234	0
形	2	1235	0
峻	1	1465	0
蚊	4	945	0
咬	1	1466	0
虫	1	1467	0
叮	1	1468	0
孟	3	1060	0
烈	3	1061	0
厘	1	1469	0
赣	1	1470	0
仅	3	1062	0
斤	5	867	0
鸡	3	1063	0
蛋	1	1471	0
殊	2	1236	0
种	2	1237	0
橹	1	1472	0
貌	1	1473	0
征	2	1238	0
g	2	1239	0
晶	3	1064	0
盐	3	1065	0
独	3	1066	0
厚	1	1474	0
覆	2	1240	0
盖	6	799	0
胜	6	800	0
邵	1	1475	0
潇	1	1476	0
携	2	1241	0
探	1	1477	0
率	1	1478	0
凉	3	1067	0
折	3	1068	0
叠	1	1479	0
戴	1	1480	0
付	2	1242	0
费	6	801	0
朝	2	1243	0
迎	2	1244	0
你	1	1481	0
企	1	1482	0
丘	1	1483	0
睢	1	1484	0
胎	4	946	0
扫	2	1245	0
坝	3	1069	0
彭	1	1485	0
引	1	1486	0
申	1	1487	0
显	1	1488	0
斑	1	1489	0
铲	11	572	0
栋	1	1490	0
制	1	1491	0
瑛	1	1492	0
材	1	1493	0
廊	4	947	0
\	2	1246	0
溃	2	1247	0
宜	3	1070	0
厨	1	1494	0
灶	1	1495	0
碰	1	1496	0
架	2	1248	0
湍	3	1071	0
膝	4	948	0
圳	1	1497	0
拿	1	1498	0
珍	1	1499	0
踪	1	1500	0
崔	5	868	0
堂	8	684	0
途	2	1249	0
藏	1	1501	0
奎	3	1072	0
暗	1	1502	0
吨	5	869	0
毛	3	1073	0
毯	2	1250	0
壮	2	1251	0
俩	4	949	0
检	2	1252	0
察	2	1253	0
阵	4	950	0
累	4	951	0
替	4	952	0
渣	1	1503	0
免	1	1504	0
汜	3	1074	0
威	2	1254	0
胁	1	1505	0
堰	3	1075	0
维	3	1076	0
蜡	2	1255	0
烛	2	1256	0
翠	1	1506	0
席	1	1507	0
钩	1	1508	0
厦	1	1509	0
涛	1	1510	0
淑	1	1511	0
猪	2	1257	0
羊	2	1258	0
板	2	1259	0
洁	1	1512	0
柳	3	1077	0
黎	1	1513	0
迟	4	953	0
减	2	1260	0
煤	1	1514	0
尘	1	1515	0
肺	1	1516	0
馈	1	1517	0
漱	1	1518	0
潜	1	1519	0
霞	1	1520	0
梅	1	1521	0
才	10	600	0
涌	1	1522	0
兰	1	1523	0
亭	1	1524	0
孤	1	1525	0
岛	1	1526	0
宏	1	1527	0
辖	3	1078	0
榴	1	1528	0
洼	1	1529	0
眼	1	1530	0
—	2	1261	0
括	3	1079	0
卢	2	1262	0
苦	1	1531	0
爸	6	802	0
迈	2	1263	0
抬	2	1264	0
泥	4	954	0
预	4	955	0
帅	1	1532	0
纤	5	870	0
鹭	1	1533	0
婴	7	731	0
俊	2	1265	0
钰	1	1534	0
涵	2	1266	0
示	2	1267	0
赖	1	1535	0
拥	1	1536	0
I	1	1537	0
U	1	1538	0
岀	1	1539	0
孺	2	1268	0
妻	1	1540	0
浑	1	1541	0
箭	1	1542	0
祥	2	1269	0
喇	2	1270	0
叭	2	1271	0
喊	2	1272	0
炸	2	1273	0
念	1	1543	0
岭	1	1544	0
魏	1	1545	0
浅	3	1080	0
墅	1	1546	0
冯	2	1274	0
伦	1	1547	0
亟	1	1548	0
潘	1	1549	0
钟	3	1081	0
牙	2	1275	0
饰	1	1550	0
戏	6	803	0
肥	3	1082	0
阴	1	1551	0
妮	1	1552	0
雯	1	1553	0
帘	1	1554	0
坛	2	1276	0
椿	1	1555	0
树	2	1277	0
芳	7	732	0
境	2	1278	0
识	1	1556	0
拦	1	1557	0
撕	1	1558	0
j	1	1559	0
y	1	1560	0
[	2	1279	0
燕	1	1561	0
诗	1	1562	0
奥	1	1563	0
唑	1	1564	0
胃	1	1565	0
疼	1	1566	0
肚	1	1567	0
藿	1	1568	0
姬	1	1569	0
闺	1	1570	0
涝	2	1280	1
疫	1	1571	1
闫	1	1572	1
郊	3	1083	1
验	1	1573	1
丁	1	1574	1
狗	1	1575	1
养	1	1576	1
宫	1	1577	1
缩	1	1578	1
穆	3	1084	1
猛	1	1579	1
犸	1	1580	1
障	2	1281	1
虎	1	1581	1
弥	1	1582	1
雾	1	1583	1
拍	1	1584	1
摄	1	1585	1
春	1	1586	1
例	1	1587	1
"	1	1588	1
郡	3	1085	1
椎	1	1589	1
亮	1	1590	1
燃	3	1086	1
坡	2	1282	1
醒	1	1591	1
克	2	1283	1
铃	1	1592	1
巩	4	956	1
闻	1	1593	1
若	1	1594	1
苏	1	1595	1
姨	1	1596	1
振	1	1597	1
埋	1	1598	1
川	1	1599	1
益	2	1284	1
掩	1	1600	1
渴	1	1601	1
音	1	1602	1
抑	1	1603	1
郁	1	1604	1
跳	1	1605	1
末	1	1606	1
婷	2	1285	1
逸	1	1607	1
邹	1	1608	1
杂	1	1609	1
沂	1	1610	1
涉	1	1611	1
君	1	1612	1
劝	1	1613	1
伙	1	1614	1
伴	1	1615	1
扇	1	1616	1
礼	2	1286	1
腐	1	1617	1
败	1	1618	1
滋	1	1619	1
味	1	1620	1
剧	1	1621	1
靴	1	1622	1
创	1	1623	1
姥	4	957	1
遇	1	1624	1
冶	1	1625	1
弃	1	1626	1
咋	1	1627	1
苟	1	1628	1
z	1	1629	1
列	1	1630	1
尉	1	1631	1
|	1	1632	1
曹	1	1633	1
静	2	1287	1
案	1	1634	1
淀	1	1635	1
～	1	1636	1
…	1	1637	1
弄	1	1638	1
初	1	1639	1
蜘	1	1640	1
蛛	1	1641	1
窑	1	1642	1
驻	1	1643	1
谐	2	1288	1
姚	1	1644	1
袖	1	1645	1
抖	1	1646	1
菊	1	1647	1
汤	1	1648	1
皂	1	1649	1
叶	1	1650	1
尾	1	1651	1
操	1	1652	1
析	3	1087	1
炮	1	1653	1
杏	1	1654	1
肾	1	1655	1
衰	1	1656	1
恶	1	1657	1
劣	1	1658	1
奋	1	1659	1
汲	2	1289	1
轩	1	1660	1
宾	1	1661	1
弯	1	1662	1
稻	1	1663	1
現	1	1664	1
坤	1	1665	1
演	1	1666	1
耐	1	1667	1
鹏	1	1668	1
