max_size	None
min_freq	None
unknown	<unk>
padding	<pad>
rebuild	False

坐	22	516	0
标	18	611	0
新	289	41	0
乡	225	54	0
卫	202	62	0
辉	184	72	0
,	2911	2	0
整	21	539	0
个	339	32	0
村	348	29	0
庄	127	100	0
全	112	111	0
部	108	117	0
被	332	34	0
淹	115	109	0
急	404	20	0
需	504	13	0
救	623	8	0
援	552	10	0
人	869	3	0
员	84	153	0
只	50	240	0
能	106	120	0
在	490	15	0
屋	31	382	0
顶	74	169	0
坐标	18	612	0
新乡	195	65	0
卫辉	154	84	0
整个	14	736	0
个村	19	580	0
村庄	18	613	0
全部	41	306	0
被淹	53	223	0
急需	239	52	0
救援	462	16	0
人员	75	168	0
只能	12	812	0
屋顶	8	1048	0
防	27	425	0
汛	13	770	0
抗	18	614	0
灾	102	122	0
物	252	49	0
资	155	83	0
及	47	262	0
设	37	331	0
备	45	277	0
望	60	200	0
社	24	481	0
会	29	401	0
各	32	371	0
界	20	558	0
士	38	324	0
给	19	581	0
予	2	2353	0
帮	79	162	0
助	109	116	0
防汛	11	854	0
抗灾	1	3132	0
物资	146	89	0
设备	30	391	0
社会	9	967	0
社会各界	5	1425	0
各界	8	1049	0
各界人士	4	1632	0
人士	13	771	0
给予	2	2354	0
给予帮助	1	3133	0
帮助	17	644	0
市	297	39	0
牧	53	224	0
野	53	225	0
区	377	25	0
寺	27	426	0
电	430	18	0
话	138	94	0
1	757	5	0
8	434	17	0
2	532	11	0
3	619	9	0
7	389	24	0
5	427	19	0
6	348	30	0
基	25	457	0
本	29	402	0
情	121	106	0
况	88	149	0
两	193	66	0
位	240	51	0
老	322	35	0
困	245	50	0
断	165	79	0
水	764	4	0
粮	36	338	0
有	747	6	0
心	61	196	0
脏	9	968	0
病	43	295	0
新乡市	90	147	0
牧野	52	232	0
牧野区	35	349	0
寺庄	25	458	0
庄顶	23	497	0
顶村	6	1260	0
电话	131	99	0
基本	10	906	0
情况	83	155	0
两位	36	339	0
老人	263	45	0
被困	208	59	0
断水	49	246	0
断粮	21	540	0
人有	18	615	0
有心	3	1904	0
心脏	9	969	0
心脏病	8	1050	0
曲	2	2355	0
韩	6	1261	0
我	148	87	0
的	494	14	0
家	300	37	0
河	204	60	0
决	35	350	0
堤	64	190	0
倒	40	310	0
灌	36	340	0
挣	1	3134	0
小	317	36	0
请	162	82	0
求	198	64	0
曲韩	2	2356	0
社区	11	855	0
卫河	37	332	0
决堤	22	517	0
河水	19	582	0
倒灌	32	372	0
小区	110	114	0
请求	65	185	0
求救	55	213	0
县	95	131	0
胡	39	318	0
桥	55	214	0
时	122	105	0
进	92	139	0
高	69	175	0
度	10	907	0
已	395	21	0
超	37	333	0
过	94	135	0
腰	17	645	0
住	70	174	0
户	44	286	0
里	221	56	0
到	223	55	0
大	299	38	0
腿	25	459	0
;	19	583	0
辉县	28	411	0
辉县市	18	616	0
县市	19	584	0
胡桥	1	3135	0
小庄村	2	2357	0
庄村	28	412	0
进水	36	341	0
高度	3	1905	0
已超	5	1426	0
超过	19	585	0
腰部	5	1427	0
住户	20	559	0
屋里	9	970	0
水已	48	255	0
已到	6	1262	0
大腿	9	971	0
呼	17	646	0
吁	12	813	0
政	28	413	0
府	23	498	0
关	61	197	0
注	25	460	0
现	269	44	0
用	83	156	0
处	44	287	0
于	68	178	0
没	391	22	0
气	16	679	0
如	38	325	0
果	24	482	0
再	17	647	0
不	333	33	0
来	83	157	0
都	135	95	0
将	20	560	0
面	134	97	0
临	17	648	0
局	16	680	0
中	185	71	0
/	7	1150	0
以	84	154	0
上	262	47	0
是	168	78	0
儿	54	219	0
童	17	649	0
和	192	67	0
呼吁	12	814	0
政府	22	518	0
关注	19	586	0
现在	180	74	0
用户	1	3136	0
处于	24	483	0
没水	44	288	0
没电	78	164	0
没气	1	3137	0
过来	12	815	0
全村	28	414	0
全村人	3	1906	0
面临	7	1151	0
断电	55	215	0
局面	1	3138	0
中有	21	541	0
以上	14	737	0
儿童	15	699	0
凤	40	311	0
泉	47	263	0
绿	13	772	0
茵	9	972	0
畔	9	973	0
东	135	96	0
一	506	12	0
9	372	26	0
4	263	46	0
这	68	179	0
孕	25	461	0
妇	38	326	0
他	50	241	0
丈	1	3139	0
夫	7	1152	0
起	5	1428	0
挺	4	1633	0
了	391	23	0
天	171	76	0
夜	34	356	0
位于	13	773	0
凤泉	38	327	0
凤泉区	38	328	0
绿茵	9	974	0
河畔	9	975	0
东区	5	1429	0
这是	14	738	0
一位	33	366	0
孕妇	23	499	0
丈夫	1	3140	0
一起	4	1634	0
一天	31	383	0
一夜	20	561	0
占	6	1263	0
城	49	247	0
三	107	118	0
营	17	650	0
涨	53	226	0
太	29	403	0
快	62	194	0
内	46	268	0
经	221	57	0
米	110	115	0
多	181	73	0
深	96	129	0
看	34	357	0
此	8	1051	0
信	124	103	0
息	49	248	0
后	59	202	0
朋	55	216	0
友	64	191	0
圈	12	816	0
忙	52	233	0
几	53	227	0
千	18	617	0
号	190	68	0
等	91	143	0
待	56	207	0
。	372	27	0
占城	6	1264	0
城乡	1	3141	0
三位	3	1907	0
营村	6	1265	0
水位	94	136	0
上涨	27	427	0
屋内	5	1430	0
已经	209	58	0
两米	19	587	0
多深	6	1266	0
大家	48	256	0
看到	27	428	0
信息	31	384	0
朋友	55	217	0
朋友圈	6	1267	0
帮忙	48	257	0
几千	5	1431	0
等待	45	278	0
南	126	101	0
省	47	264	0
块	17	651	0
镇	100	125	0
陈	6	1268	0
堡	4	1635	0
0	702	7	0
宝	18	618	0
岁	95	132	0
半	22	519	0
月	48	258	0
妈	11	856	0
还	144	90	0
爷	15	700	0
奶	31	385	0
胸	9	976	0
口	139	93	0
温	4	1636	0
佳	5	1432	0
利	12	817	0
联	346	31	0
系	290	40	0
方	92	140	0
式	32	373	0
河南	65	186	0
河南省	41	307	0
大块	13	774	0
陈堡	1	3142	0
两个	56	208	0
宝宝	5	1433	0
一个一岁	2	2358	0
一岁	10	908	0
三个	27	429	0
宝妈	1	3143	0
爷奶	5	1434	0
家里	62	195	0
信号	74	170	0
水淹	9	977	0
淹到	11	857	0
胸口	9	978	0
佳利	1	3144	0
联系	288	42	0
联系方式	30	392	0
方式	30	393	0
:	354	28	0
郑	190	69	0
附	79	163	0
院	97	128	0
医	48	259	0
车	169	77	0
辆	44	289	0
转	65	187	0
运	34	358	0
合	8	1052	0
适	2	2359	0
烦	19	588	0
谢	61	198	0
郑大	5	1435	0
郑大一	4	1637	0
附院	8	1053	0
医院	25	462	0
院区	3	1908	0
车辆	19	589	0
用于	3	1909	0
转运	8	1054	0
病人	10	909	0
如有	10	910	0
合适	2	2360	0
烦请	2	2361	0
谢谢	22	520	0
下	253	48	0
园	119	107	0
楼	201	63	0
(	91	144	0
德	4	1638	0
地	187	70	0
图	6	1269	0
搜	8	1055	0
索	4	1639	0
)	89	148	0
门	56	209	0
左	43	296	0
右	46	269	0
泡	22	521	0
.	64	192	0
孩	178	75	0
子	164	80	0
年	44	290	0
做	12	818	0
完	22	522	0
搭	2	2362	0
手	140	92	0
术	11	858	0
寻	17	652	0
皮	52	234	0
划	39	319	0
艇	69	176	0
机	163	81	0
量	43	297	0
足	12	819	0
卫辉市	81	159	0
下园	65	188	0
号楼	22	523	0
地图	1	3145	0
搜索	1	3146	0
门口	14	739	0
口水	4	1640	0
水深	48	260	0
米左右	7	1153	0
左右	40	312	0
家中	25	463	0
水泡	1	3147	0
全家	1	3148	0
孩子	82	158	0
搭桥	2	2363	0
手术	9	979	0
皮划艇	36	342	0
手机	92	141	0
机电	7	1154	0
电量	7	1155	0
不足	7	1156	0
鹤	28	415	0
壁	29	404	0
浚	27	430	0
淇	12	820	0
共	32	374	0
产	24	484	0
主	23	500	0
义	17	653	0
渠	10	911	0
交	32	375	0
叉	22	524	0
北	77	166	0
刘	22	525	0
闸	3	1910	0
线	26	442	0
队	141	91	0
去	118	108	0
要	284	43	0
由	17	654	0
游	8	1056	0
直	45	279	0
泄	30	394	0
旁	17	655	0
边	73	172	0
至	18	619	0
少	24	485	0
往	47	265	0
流	28	416	0
专	21	542	0
业	40	313	0
洪	61	199	0
固	5	1436	0
工	43	298	0
具	19	590	0
缺	85	151	0
生	102	123	0
衣	35	351	0
很	66	182	0
民	56	210	0
自	36	343	0
发	93	138	0
组	18	620	0
织	17	656	0
鹤壁	28	417	0
鹤壁市	13	775	0
浚县	27	431	0
新镇	9	980	0
淇河	1	3149	0
共产	11	859	0
共产主义	11	860	0
主义	11	861	0
交叉	21	543	0
交叉口	20	562	0
刘庄	7	1157	0
一线	13	776	0
救援队	106	121	0
进不去	5	1437	0
需要	235	53	0
部队	6	1270	0
上游	6	1271	0
泄水	2	2364	0
村子	12	821	0
旁边	13	777	0
至少	2	2365	0
少有	1	3150	0
流水	1	3151	0
专业	18	621	0
工具	8	1057	0
缺少	11	862	0
救生	29	405	0
救生衣	14	740	0
很多	26	443	0
村民	25	464	0
自发	3	1911	0
组织	13	778	0
抗洪	13	779	0
码	8	1058	0
头	35	352	0
近	92	142	0
移	41	308	0
目	85	152	0
前	133	98	0
钢	3	1912	0
筋	2	2366	0
焊	1	3152	0
成	24	486	0
铁	19	591	0
龙	31	386	0
堵	25	465	0
州	152	85	0
码头	1	3153	0
决口	10	912	0
附近	66	183	0
转移	37	334	0
目前	77	167	0
钢筋	2	2367	0
焊成	1	3154	0
铁龙	1	3155	0
堵住	8	1059	0
援助	15	701	0
救救	6	1272	0
家园	4	1641	0
郑州	147	88	0
数	21	544	0
截	5	1438	0
止	5	1439	0
午	36	344	0
点	81	160	0
无	101	124	0
饮	21	545	0
食	99	127	0
置	49	249	0
避	12	822	0
难	20	563	0
城镇	6	1273	0
城村	2	2368	0
人数	10	913	0
截止	4	1642	0
上午	5	1440	0
饮水	1	3156	0
进食	5	1441	0
部位	1	3157	0
位置	30	395	0
避难	9	981	0
昨	38	329	0
晚	43	299	0
双	6	1274	0
邻	15	702	0
继	11	863	0
续	26	444	0
百	21	546	0
姓	14	741	0
命	8	1060	0
危	26	445	0
旦	2	2369	0
夕	1	3158	0
紧	68	180	0
平	23	501	0
安	49	250	0
跪	1	3159	0
昨晚	15	703	0
老家	2	2370	0
镇东	6	1275	0
泄洪	27	432	0
泄洪区	5	1442	0
淹没	25	466	0
家人	39	320	0
邻村	1	3160	0
还要	5	1443	0
继续	10	914	0
老百姓	2	2371	0
百姓	5	1444	0
生命	7	1158	0
危在旦夕	1	3161	0
要紧	9	982	0
紧急	42	303	0
急救	30	396	0
平安	5	1445	0
跪谢	1	3162	0
开	43	300	0
始	21	547	0
可	100	126	0
接	34	359	0
其	39	321	0
热	9	983	0
网	26	446	0
切	5	1446	0
勿	1	3163	0
打	34	360	0
扰	1	3164	0
直接	13	780	0
热心	1	3165	0
网友	4	1643	0
打扰	1	3166	0
撤	15	704	0
离	23	502	0
十	95	133	0
官	10	915	0
村上	3	1913	0
撤离	14	742	0
十三	2	2372	0
没有	152	86	0
官方	1	3167	0
难以	2	2373	0
过去	9	984	0
失	58	204	0
比	17	657	0
较	23	503	0
失联	46	270	0
比较	10	916	0
彻	4	1644	0
未	25	467	0
眠	2	2374	0
力	43	301	0
己	8	1061	0
想	10	917	0
办	10	918	0
法	52	235	0
但	26	447	0
那	50	242	0
些	12	823	0
剩	5	1447	0
们	112	112	0
怎	11	864	0
么	20	564	0
昨天	23	504	0
人民	8	1062	0
彻夜	1	3168	0
彻夜未眠	1	3169	0
有能	5	1448	0
能力	8	1063	0
办法	3	1914	0
在家	21	548	0
朱	5	1449	0
珠	10	919	0
峰	8	1064	0
排	46	271	0
赵	13	781	0
女	49	251	0
描	19	592	0
述	19	593	0
行	45	280	0
动	34	361	0
便	36	345	0
瘫	6	1276	0
痪	4	1645	0
停	107	119	0
朱庄	4	1646	0
珠峰	6	1277	0
联系人	35	353	0
女士	11	865	0
灾情	26	448	0
描述	19	594	0
一家	17	658	0
三口	2	2375	0
个人	46	272	0
行动	13	782	0
行动不便	11	866	0
不便	18	622	0
瘫痪	4	1647	0
停水	40	314	0
停电	57	205	0
试	2	2376	0
通	64	193	0
今	26	449	0
王	42	304	0
周	29	406	0
落	5	1450	0
差	9	985	0
层	44	291	0
也	53	228	0
不通	18	623	0
今天	11	867	0
官营	1	3170	0
周边	6	1278	0
镇上	1	3171	0
村落	1	3172	0
差不多	1	3173	0
一层	16	681	0
一层楼	3	1915	0
层楼	4	1648	0
楼层	1	3174	0
两三	4	1649	0
三层	2	2377	0
洛	7	1159	0
阳	30	397	0
送	44	292	0
金	33	367	0
穗	1	3175	0
道	126	102	0
公	32	376	0
段	11	868	0
积	21	549	0
牌	7	1160	0
冲	41	309	0
掉	1	3176	0
天上	1	3177	0
洛阳	7	1161	0
金穗	1	3178	0
大道	29	407	0
公园	3	1916	0
南门	2	2378	0
深度	1	3179	0
积水	17	659	0
水车	4	1650	0
车牌	1	3180	0
冲掉	1	3181	0
最	37	335	0
锋	24	487	0
舟	23	505	0
最新	2	2379	0
需求	15	705	0
冲锋	24	488	0
冲锋舟	21	550	0
走	30	398	0
因	27	433	0
为	27	434	0
吃	52	236	0
恳	7	1162	0
尽	18	624	0
得	16	682	0
西	87	150	0
街	65	189	0
与	28	418	0
学	91	145	0
校	33	368	0
路	203	61	0
向	18	625	0
同	60	201	0
要求	3	1917	0
送走	1	3182	0
十个	3	1918	0
十个月	1	3183	0
小孩	95	134	0
吃奶	2	2380	0
热水	2	2381	0
水冲	5	1451	0
恳请	6	1279	0
尽快	15	706	0
得到	8	1065	0
联系电话	45	281	0
市区	13	783	0
北部	3	1919	0
村村	5	1452	0
村西	6	1280	0
西街	4	1651	0
学校	22	526	0
南路	11	869	0
向南	4	1652	0
胡同	34	362	0
原	33	369	0
梯	3	1920	0
先	13	784	0
样	12	824	0
观	2	2382	0
澜	1	3184	0
中原	16	683	0
中原区	4	1653	0
工人	3	1921	0
号院	9	986	0
电梯	2	2383	0
都行	2	2384	0
郑州市	47	266	0
新城	2	2385	0
详	14	743	0
细	12	825	0
容	15	707	0
带	32	377	0
着	34	363	0
每	2	2386	0
爬	1	3185	0
越	19	595	0
扛	5	1453	0
详细	11	870	0
内容	12	826	0
每天	1	3186	0
天气	1	3187	0
越来越	5	1454	0
扛不住	1	3188	0
不住	14	744	0
缺电	4	1654	0
多人	25	468	0
缺水	9	987	0
疗	6	1281	0
救生圈	6	1282	0
食物	67	181	0
医疗	3	1922	0
投	10	920	0
湖	39	322	0
彩	8	1066	0
虹	7	1163	0
辆车	10	921	0
投进	8	1067	0
河里	5	1455	0
湖水	5	1456	0
平原	5	1457	0
彩虹	7	1164	0
彩虹桥	7	1165	0
虹桥	7	1166	0
被卫	4	1655	0
真	23	506	0
外	56	211	0
支	74	171	0
麻	17	660	0
战	10	922	0
应	30	399	0
非	22	527	0
常	23	507	0
好	53	229	0
毅	1	3189	0
雨	50	243	0
真的	12	827	0
外地	14	745	0
支援	57	206	0
麻烦	17	661	0
战友	2	2387	0
应急	22	528	0
非常	21	551	0
不好	12	828	0
王毅	1	3190	0
雨衣	10	923	0
核	96	130	0
实	111	113	0
间	53	230	0
仍	22	529	0
狮	8	1068	0
豹	9	988	0
长	26	450	0
体	47	267	0
毁	6	1283	0
唯	2	2388	0
出	94	137	0
山	49	252	0
络	4	1656	0
底	6	1284	0
核实	91	146	0
实时	10	924	0
时间	40	315	0
狮豹	8	1069	0
乡长	1	3191	0
具体	11	871	0
具体情况	4	1657	0
洪水	14	746	0
冲毁	2	2389	0
唯一	2	2390	0
进出	3	1923	0
山里	6	1285	0
网络	3	1924	0
通信	3	1925	0
彻底	3	1926	0
中断	4	1658	0
从	34	364	0
任	13	785	0
何	16	684	0
消	30	400	0
留	12	829	0
守	8	1070	0
迫	3	1927	0
级	5	1458	0
领	8	1071	0
导	9	989	0
者	78	165	0
增	6	1286	0
从前	2	2391	0
前天	4	1659	0
晚上	19	596	0
失去	6	1287	0
直到	2	2392	0
直到现在	1	3192	0
消息	14	747	0
村里	25	469	0
留守	3	1928	0
大多	5	1459	0
迫切	2	2393	0
领导	3	1929	0
各方	1	3193	0
增援	5	1460	0
山区	5	1461	0
愿	54	220	0
建	15	708	0
总	3	1930	0
港	5	1462	0
f	4	1660	0
座	10	925	0
募	8	1072	0
捐	17	662	0
喝	20	565	0
充	11	872	0
垃	6	1288	0
圾	6	1289	0
袋	35	354	0
t	2	2394	0
恤	3	1931	0
胶	9	990	0
密	6	1290	0
封	5	1463	0
灯	11	873	0
赠	13	786	0
聚	1	3194	0
集	10	926	0
自愿	4	1661	0
自愿者	2	2395	0
建业	3	1932	0
总部	3	1933	0
募捐	1	3195	0
充足	4	1662	0
垃圾	6	1291	0
垃圾袋	2	2396	0
胶带	3	1934	0
机密	1	3196	0
密封	1	3197	0
应急灯	3	1935	0
捐赠	13	787	0
聚集	1	3198	0
然	7	1167	0
之	20	566	0
旅	2	2397	0
帝	4	1663	0
台	17	663	0
硬	1	3199	0
质	7	1168	0
拉	12	830	0
并	8	1073	0
且	15	709	0
域	7	1169	0
跟	7	1170	0
自然	1	3200	0
帝湖	4	1664	0
水上	8	1074	0
营地	1	3201	0
平台	1	3202	0
大车	6	1292	0
区域	7	1171	0
本人	5	1464	0
溪	2	2398	0
邸	3	1936	0
郑东	25	470	0
郑东新	24	489	0
新区	32	378	0
南溪	1	3203	0
府邸	1	3204	0
牟	27	435	0
芦	9	991	0
庙	28	419	0
御	2	2399	0
国	21	552	0
际	5	1465	0
知	71	173	0
名	66	184	0
叫	3	1937	0
郭	7	1172	0
松	2	2400	0
微	7	1173	0
哥	8	1075	0
中牟	27	436	0
中牟县	18	626	0
芦医庙	2	2401	0
大街	4	1665	0
御龙	1	3205	0
国际	5	1466	0
知道	45	282	0
姓名	8	1076	0
名叫	2	2402	0
微信	2	2403	0
两天	31	387	0
大哥	1	3206	0
手机号	7	1174	0
暴	13	788	0
农	9	992	0
田	5	1467	0
问	7	1175	0
津	2	2404	0
暴雨	13	789	0
过后	2	2405	0
家门	3	1938	0
家门口	2	2406	0
下面	3	1939	0
农田	1	3207	0
多月	1	3208	0
无人	9	993	0
至今	5	1468	0
出去	19	597	0
状	22	530	0
受	56	212	0
皆	2	2407	0
死	3	1940	0
亡	3	1941	0
达	26	451	0
房	69	177	0
严	55	218	0
重	81	161	0
乏	9	994	0
状况	3	1942	0
受灾	24	490	0
一人	6	1293	0
死亡	1	3209	0
最深	4	1666	0
达到	4	1667	0
房顶	26	452	0
严重	54	221	0
缺乏	7	1176	0
装	27	437	0
土	11	874	0
堆	1	3210	0
奈	1	3211	0
垮	1	3212	0
阶	4	1668	0
概	15	710	0
吧	8	1077	0
门前	2	2408	0
防洪	1	3213	0
奈何	1	3214	0
水太大	2	2409	0
冲垮	1	3215	0
楼上	4	1669	0
楼梯	1	3216	0
台阶	3	1943	0
大概	15	711	0
载	2	2410	0
峪	9	995	0
渔	3	1944	0
日	44	293	0
源	14	748	0
转载	1	3217	0
峪河	4	1670	0
河镇	9	996	0
渔村	3	1945	0
重灾区	13	790	0
灾区	22	531	0
淹水	2	2411	0
下午	27	438	0
已达	5	1469	0
一米	8	1078	0
一米多	3	1946	0
村口	2	2412	0
来源	1	3218	0
稳	20	567	0
定	25	471	0
该	6	1294	0
丧	1	3219	0
对	52	237	0
希	50	244	0
够	16	685	0
施	2	2413	0
手机信号	20	568	0
稳定	18	627	0
该村	1	3220	0
住房	1	3221	0
多为	4	1671	0
已快	1	3222	0
丧失	1	3223	0
希望	50	245	0
能够	8	1079	0
及时	7	1177	0
实施	1	3224	0
让	17	664	0
优	5	1470	0
糟	5	1471	0
糕	5	1472	0
漫	13	791	0
相	15	712	0
互	4	1672	0
告	33	370	0
伍	14	749	0
驰	5	1473	0
优先	4	1673	0
到达	7	1178	0
糟糕	5	1474	0
漫堤	5	1475	0
相互	4	1674	0
告知	13	792	0
各地	6	1295	0
队伍	8	1080	0
驰援	5	1476	0
艺	2	2414	0
大桥	5	1477	0
桥北	1	3225	0
米路	7	1179	0
米路东	2	2415	0
路东	13	793	0
艺术	1	3226	0
基地	1	3227	0
向东	2	2416	0
不行	3	1947	0
或	25	472	0
管	27	439	0
理	15	713	0
统	4	1675	0
调	7	1180	0
配	12	831	0
家有	10	927	0
前来	8	1081	0
现急	21	553	0
本地	11	875	0
管理	10	928	0
管理局	6	1296	0
管理部	3	1948	0
部门	12	832	0
统一	2	2417	0
调配	3	1949	0
宋	4	1676	0
荣	3	1950	0
杰	1	3228	0
馆	11	876	0
求助	45	283	0
两百	3	1951	0
馆内	4	1677	0
二	124	104	0
七	23	508	0
立	5	1478	0
张	31	388	0
仲	1	3229	0
景	16	686	0
诊	1	3230	0
当	14	750	0
二七	9	997	0
二七区	8	1082	0
建设	6	1297	0
东路	5	1479	0
路北	7	1181	0
医馆	1	3231	0
门诊	1	3232	0
当前	5	1480	0
当前情况	4	1678	0
内有	5	1481	0
太高	1	3233	0
无法	46	273	0
贾	12	833	0
鲁	9	998	0
阜	8	1083	0
华	17	665	0
血	9	999	0
畅	5	1482	0
品	52	238	0
期	13	794	0
条	26	453	0
件	20	569	0
爱	16	687	0
团	8	1084	0
贾鲁河	8	1085	0
阜外	8	1086	0
华中	4	1679	0
中心	15	714	0
心血	3	1952	0
心血管	3	1953	0
心血管病	3	1954	0
血管	3	1955	0
不畅	3	1956	0
饮用	19	598	0
饮用水	19	599	0
用水	19	600	0
食品	15	715	0
发电	19	601	0
发电设备	2	2418	0
地面	6	1298	0
期待	3	1957	0
条件	4	1680	0
爱心	15	716	0
团队	5	1483	0
前往	9	1000	0
饭	23	509	0
结	3	1958	0
师	24	491	0
患	9	1001	0
护	17	666	0
阜外医院	3	1959	0
有病	4	1681	0
医生	4	1682	0
吃饭	8	1087	0
集结	1	3234	0
刘老师	1	3235	0
老师	11	877	0
物质	5	1484	0
大量	18	628	0
患者	5	1485	0
医护	2	2419	0
医护人员	1	3236	0
马	46	274	0
坊	18	629	0
胞	6	1299	0
·	15	717	0
获	7	1182	0
嘉	14	751	0
王村	9	1002	0
村镇	18	630	0
马坊	11	878	0
周村	4	1683	0
同胞	4	1684	0
一下	43	302	0
获嘉	2	2420	0
获嘉县	2	2421	0
世	7	1183	0
青	17	667	0
蓝	9	1003	0
活	25	473	0
靠	5	1486	0
份	3	1960	0
绵	1	3237	0
薄	2	2422	0
小学	18	631	0
蓝天	4	1685	0
生活	23	510	0
生活用品	6	1300	0
用品	16	688	0
帮帮	8	1088	0
帮帮忙	6	1301	0
真实	9	1004	0
可靠	1	3238	0
过大	1	3239	0
一份	1	3240	0
绵薄之力	1	3241	0
扩	23	511	0
据	6	1302	0
挥	10	929	0
更	16	689	0
作	17	668	0
转扩	3	1961	0
力量	6	1303	0
救灾	16	690	0
发挥	1	3242	0
更大	1	3243	0
大作	1	3244	0
作用	1	3245	0
负	15	718	0
责	9	1005	0
险	19	602	0
务	9	1006	0
六	21	554	0
背	3	1962	0
裤	6	1304	0
袜	2	2423	0
展	3	1963	0
永	6	1305	0
秘	1	3246	0
书	8	1089	0
李	20	570	0
莹	2	2424	0
河段	1	3247	0
负责	9	1007	0
任务	1	3248	0
六七	1	3249	0
六七百	1	3250	0
七百	1	3251	0
战士	5	1487	0
背心	2	2425	0
内裤	4	1686	0
袜子	2	2426	0
青少年	1	3252	0
少年	2	2427	0
发展	1	3253	0
赵永前	2	2428	0
秘书	1	3254	0
秘书处	1	3255	0
沙	49	253	0
河堤	15	719	0
沙袋	21	555	0
告急	17	669	0
忙不过来	3	1964	0
进行	6	1306	0
行人	1	3256	0
四	59	203	0
型	20	571	0
库	39	323	0
连	9	1008	0
崩	3	1965	0
塌	25	474	0
围	18	632	0
易	3	1966	0
事	13	795	0
故	2	2429	0
均	7	1184	0
代	3	1967	0
表	4	1687	0
就	38	330	0
高庄	2	2430	0
自救	9	1009	0
紧邻	6	1307	0
太行	1	3257	0
太行山	1	3258	0
中型	3	1968	0
水库	11	879	0
连续	4	1688	0
三座	1	3259	0
崩塌	1	3260	0
周围	9	1010	0
容易	1	3261	0
发生	3	1969	0
事故	1	3262	0
代表	1	3263	0
县城	2	2431	0
圣	1	3264	0
脚	8	1090	0
损	10	930	0
完全	7	1185	0
老太太	3	1970	0
太太	3	1971	0
腿脚	8	1091	0
受损	2	2432	0
不会	4	1689	0
走路	4	1690	0
甥	2	2433	0
烧	10	931	0
窄	1	3265	0
有个	8	1092	0
外甥	2	2434	0
发烧	9	1011	0
救助	27	440	0
本地人	2	2435	0
带路	3	1972	0
保	20	572	0
健	7	1186	0
科	15	720	0
室	22	532	0
保健	5	1488	0
保健院	5	1489	0
一名	12	834	0
护士	2	2436	0
科室	2	2437	0
新生	4	1691	0
新生儿	4	1692	0
病情	1	3266	0
医专	2	2438	0
专车	1	3267	0
过不来	4	1693	0
一辆	14	752	0
一辆车	2	2439	0
布	18	633	0
鞋	17	670	0
-	36	346	0
男	22	533	0
勇	7	1187	0
湿	3	1973	0
透	5	1490	0
穿	6	1308	0
拖	11	880	0
干	15	721	0
谁	15	722	0
诉	2	2440	0
址	31	389	0
光	11	881	0
酒	13	796	0
店	37	336	0
琥	1	3268	0
珀	1	3269	0
男士	2	2441	0
勇士	1	3270	0
自带	1	3271	0
鞋子	5	1491	0
湿透	1	3272	0
拖鞋	2	2442	0
下水	2	2443	0
干活	1	3273	0
告诉	2	2444	0
地址	31	390	0
原阳	1	3274	0
阳光	6	1309	0
酒店	12	835	0
次	15	723	0
分	48	261	0
她	17	671	0
说	14	753	0
迷	2	2445	0
同事	5	1492	0
小时	42	305	0
最近	2	2446	0
一次	5	1493	0
当时	2	2447	0
迷路	1	3275	0
腰间	2	2448	0
有线	1	3276	0
线索	2	2449	0
持	20	573	0
第	46	275	0
属	28	420	0
吸	5	1494	0
持续	9	1012	0
医学	3	1974	0
医学院	3	1975	0
学院	19	603	0
第一	15	724	0
附属	4	1694	0
急急	9	1013	0
吸水	2	2450	0
城区	5	1495	0
灾民	3	1976	0
倩	2	2451	0
船	19	604	0
螺	3	1977	0
旋	2	2452	0
桨	2	2453	0
雅	6	1310	0
哈	4	1695	0
匹	3	1978	0
短	14	754	0
轴	1	3277	0
程	10	932	0
寸	1	3278	0
罩	3	1979	0
照	8	1093	0
强	4	1696	0
补	4	1697	0
粘	1	3279	0
破	2	2454	0
救援船	2	2455	0
螺旋桨	2	2456	0
型号	2	2457	0
雅马哈	3	1980	0
冲程	1	3280	0
防护	4	1698	0
护照	1	3281	0
强力	1	3282	0
熟	4	1699	0
盒	2	2458	0
帐	18	634	0
篷	15	725	0
指	10	933	0
午饭	2	2459	0
最好	3	1981	0
熟食	2	2460	0
盒饭	2	2461	0
接送	4	1700	0
送到	11	882	0
桥上	2	2462	0
帐篷	15	726	0
指挥	9	1014	0
指挥车	2	2463	0
车里	6	1311	0
湖南	7	1188	0
昨天晚上	5	1496	0
点到	3	1982	0
水米	2	2464	0
未进	4	1701	0
环	23	512	0
&	1	3283	0
翔	8	1094	0
融	7	1189	0
智	7	1190	0
谷	7	1191	0
万	36	347	0
火	25	475	0
肠	3	1983	0
包	12	836	0
牛	8	1095	0
齐	3	1984	0
江	3	1985	0
张女士	1	3284	0
龙湖	1	3285	0
龙翔	3	1986	0
金融	7	1192	0
智谷	7	1193	0
万人	8	1096	0
现需	5	1497	0
方便	14	755	0
方便面	7	1194	0
火腿	3	1987	0
火腿肠	3	1988	0
面包	6	1312	0
牛奶	3	1989	0
充电	7	1195	0
脖	8	1097	0
大周	1	3286	0
几十	8	1098	0
几十个	1	3287	0
脖子	8	1099	0
石	20	574	0
坚	7	1196	0
点南大	1	3288	0
李庄	4	1702	0
李庄村	4	1703	0
石奶庙	2	2465	0
坚持	6	1313	0
体力	10	934	0
体力不支	6	1314	0
不支	7	1197	0
堤口	7	1198	0
等到	3	1990	0
渭	2	2466	0
水电	5	1498	0
渭河	2	2467	0
水面	4	1704	0
打平	2	2468	0
、	35	355	0
态	18	635	0
状态	18	636	0
缺粮	3	1991	0
m	14	756	0
徐	6	1315	0
余	8	1100	0
淌	3	1992	0
感	19	605	0
一楼	54	222	0
二楼	53	231	0
徐庄	3	1993	0
淌水	3	1994	0
感谢	14	757	0
周口	5	1499	0
西华	4	1705	0
西华县	2	2469	0
沟	32	379	0
泵	24	492	0
新村	11	883	0
水泵	22	534	0
发电机	16	691	0
电机	17	672	0
扶	5	1500	0
扶沟	5	1501	0
扶沟县	1	3289	0
救灾物资	5	1502	0
明	28	421	0
急缺	15	727	0
高景卫	1	3290	0
已淹	7	1199	0
出来	17	673	0
零	1	3291	0
油	37	337	0
汽	20	575	0
柴	10	935	0
重点	2	2470	0
资源	9	1015	0
寻求	1	3292	0
上交	2	2471	0
交通	3	1995	0
交通工具	2	2472	0
配件	2	2473	0
零件	1	3293	0
机油	1	3294	0
汽柴油	1	3295	0
柴油	9	1016	0
主要	7	1200	0
粮油	3	1996	0
毒	7	1201	0
药	32	380	0
冒	3	1997	0
泻	1	3296	0
祛	1	3297	0
暑	2	2474	0
晒	1	3298	0
医用	1	3299	0
消毒	6	1316	0
药品	10	936	0
感冒	2	2475	0
感冒药	1	3300	0
止泻	1	3301	0
防晒	1	3302	0
影	5	1503	0
响	6	1317	0
使	6	1318	0
耗	3	1998	0
坏	5	1504	0
修	4	1706	0
现有	12	837	0
作业	2	2476	0
影响	5	1505	0
使用	5	1506	0
动力	7	1202	0
系统	1	3303	0
出现	6	1319	0
损坏	2	2477	0
船艇	1	3304	0
修补	1	3305	0
散	21	556	0
重大	2	2478	0
通知	6	1320	0
不够	6	1321	0
够用	3	1999	0
全国	1	3306	0
求扩	5	1507	0
扩散	16	692	0
广	14	758	0
汇	3	2000	0
p	4	1707	0
a	9	1017	0
找	19	606	0
退	14	759	0
军	9	1018	0
中州	3	2001	0
金水	16	693	0
金水路	4	1708	0
水路	4	1709	0
出发	8	1101	0
不到	15	728	0
退伍	6	1322	0
退伍军人	2	2479	0
军人	3	2002	0
筒	7	1203	0
捷	2	2480	0
瓦	1	3307	0
超大	2	2481	0
照明	5	1508	0
手电	12	838	0
手电筒	6	1323	0
夜间	2	2482	0
便捷	1	3308	0
千瓦	1	3309	0
有电	13	797	0
纪	4	1710	0
抽	40	316	0
世纪	2	2483	0
地库	3	2003	0
抽水	36	348	0
抽水机	6	1324	0
技	8	1102	0
确	8	1103	0
认	5	1509	0
科技	7	1204	0
学生	9	1019	0
困在	28	422	0
不上	49	254	0
确认	4	1711	0
属实	6	1325	0
象	13	798	0
片	8	1104	0
居	44	294	0
乐	16	694	0
花	23	513	0
尚	4	1712	0
秀	7	1205	0
紫	5	1510	0
藤	2	2484	0
众	26	454	0
区象	1	3310	0
象湖	10	937	0
片区	2	2485	0
区内	5	1511	0
雅居乐	3	2004	0
花园	13	799	0
尚景	2	2486	0
尚景秀园	1	3311	0
紫藤	2	2487	0
公馆	3	2005	0
众多	2	2488	0
电信	3	2006	0
电信号	2	2489	0
供	25	476	0
小孩儿	9	1020	0
供电	3	2007	0
而	6	1326	0
升	15	729	0
三千	2	2490	0
困了	8	1105	0
桶	4	1713	0
配电	6	1327	0
配电室	2	2491	0
汽油	8	1106	0
范	5	1512	0
措	1	3312	0
储	3	2008	0
河南师范大学	5	1513	0
师范	5	1514	0
大学	7	1206	0
新联	4	1714	0
千名	3	2009	0
校方	1	3313	0
措施	1	3314	0
储备	1	3315	0
批	11	884	0
v	3	2010	0
x	3	2011	0
n	6	1328	0
i	4	1715	0
_	1	3316	0
l	2	2492	0
s	5	1515	0
张老师	2	2493	0
vx	2	2494	0
卜	1	3317	0
药物	6	1329	0
郑开	10	938	0
康	11	885	0
木	6	1330	0
康庄	5	1516	0
路西	8	1107	0
水木年华	1	3318	0
年华	1	3319	0
不知	10	939	0
是不是	2	2495	0
不是	4	1716	0
原因	5	1517	0
这一	2	2496	0
注目	3	2012	0
相关	5	1518	0
80m	2	2497	0
涨到	6	1331	0
160m	3	2013	0
可能	20	576	0
短缺	8	1108	0
水太深	7	1207	0
太深	7	1208	0
下雨	5	1519	0
涨水	3	2014	0
势	13	800	0
低	9	1021	0
工作	10	940	0
工作人员	5	1520	0
地势	6	1332	0
外面	7	1209	0
越深	2	2498	0
有水	9	1022	0
脱	3	2015	0
晕	4	1717	0
基本上	1	3320	0
外部	2	2499	0
有人	34	365	0
脱水	1	3321	0
白	28	423	0
圆	3	2016	0
满	14	760	0
白沙	20	577	0
白沙镇	15	730	0
方圆	2	2500	0
几公里	1	3322	0
公里	2	2501	0
灌满	3	2017	0
提	18	637	0
宿	12	839	0
吗	24	493	0
休	5	1521	0
虚	6	1333	0
提供	13	801	0
住宿	7	1210	0
地方	25	477	0
休息	4	1718	0
二十	9	1023	0
十人	5	1522	0
队员	3	2018	0
邮	2	2502	0
速	24	494	0
递	2	2503	0
商	26	455	0
仓	13	802	0
匮	2	2504	0
地点	11	886	0
中国	4	1719	0
邮政	1	3323	0
物流	8	1109	0
商都	8	1110	0
仓储	1	3324	0
东西	15	731	0
匮乏	2	2505	0
放	11	887	0
货	19	607	0
意	12	840	0
仓库	4	1720	0
全市	1	3325	0
发放	3	2019	0
货车	10	941	0
小车	1	3326	0
愿意	2	2506	0
意义	1	3327	0
义务	1	3328	0
抗洪救灾	4	1721	0
支持	3	2020	0
测	1	3329	0
!	114	110	0
思	2	2507	0
监	2	2508	0
池	3	2021	0
正	20	578	0
囊	1	3330	0
抢	7	1211	0
久	7	1212	0
不好意思	1	3331	0
好意思	1	3332	0
意思	1	3333	0
急求	16	695	0
监护	1	3334	0
备用	1	3335	0
用电	1	3336	0
电池	1	3337	0
正在	6	1334	0
气囊	1	3338	0
人工	1	3339	0
呼吸	3	2022	0
抢救	3	2023	0
危重	1	3340	0
重病	2	2509	0
不了	6	1335	0
多久	3	2024	0
旱	2	2510	0
编	5	1523	0
厂	29	408	0
即	13	803	0
抗旱	2	2511	0
指挥部	6	1336	0
编织	4	1722	0
编织袋	4	1723	0
生产	3	2025	0
厂家	2	2512	0
立即	2	2513	0
萍	1	3341	0
幼	19	608	0
妇幼	3	2026	0
妇幼保健	3	2027	0
急用	3	2028	0
志	51	239	0
招	8	1111	0
卸	14	761	0
‬	5	1524	0
党	4	1724	0
委	10	942	0
洋	2	2514	0
志愿	45	284	0
志愿者	45	285	0
招募	7	1213	0
装卸	3	2029	0
党委	1	3342	0
录	3	2030	0
入	8	1112	0
审	4	1725	0
文	9	1024	0
档	2	2515	0
含	1	3343	0
悉	3	2031	0
参	3	2032	0
随	9	1025	0
线上	3	2033	0
录入	2	2516	0
审核	4	1726	0
文档	1	3344	0
人手	16	696	0
受灾地区	1	3345	0
地区	2	2517	0
街道	4	1727	0
熟悉	2	2518	0
参与	2	2519	0
进来	2	2520	0
意向	1	3346	0
随时	7	1214	0
早	9	1026	0
疾	8	1113	0
控	6	1337	0
隔	3	2034	0
武	8	1114	0
警	6	1338	0
登	1	3347	0
搬	6	1339	0
明天	3	2035	0
早上	2	2521	0
西路	3	2036	0
隔壁	1	3348	0
武警	2	2522	0
支队	2	2523	0
运往	3	2037	0
登封市	1	3349	0
紧缺	8	1115	0
缺人	2	2524	0
有时	1	3350	0
搬运	4	1728	0
孙	5	1525	0
林	6	1340	0
莲	1	3351	0
娣	1	3352	0
良	4	1729	0
寻找	4	1730	0
寻人	10	943	0
前程	3	2038	0
良秀路	1	3353	0
交叉路口	1	3354	0
路口	17	674	0
无照	1	3355	0
照片	1	3356	0
暖	5	1526	0
荆	2	2525	0
陇	2	2526	0
海	20	579	0
保暖	5	1527	0
物品	5	1528	0
今晚	5	1529	0
紫荆	2	2527	0
紫荆山	2	2528	0
山路	5	1530	0
陇海	2	2529	0
陇海路	2	2530	0
最小	1	3357	0
兵	13	804	0
杨	7	1215	0
警官	2	2531	0
官兵	5	1531	0
现已	7	1216	0
杨先生	1	3358	0
先生	5	1532	0
直升机	3	2039	0
极	6	1341	0
求新	3	2040	0
从北向南	2	2532	0
北向	2	2533	0
极速	2	2534	0
上升	10	944	0
相比	2	2535	0
水量	3	2041	0
失控	2	2536	0
八	27	441	0
岗	22	535	0
过不去	5	1533	0
八点	2	2537	0
淇县	10	945	0
西岗	4	1731	0
乡大	1	3359	0
奶奶	8	1116	0
将近	5	1534	0
游艇	2	2538	0
派	4	1732	0
请速	4	1733	0
前去	4	1734	0
能干	1	3360	0
伞	2	2539	0
守护	1	3361	0
多名	7	1217	0
消防	5	1535	0
消防官兵	3	2042	0
雨伞	1	3362	0
青年	9	1027	0
青年团	1	3363	0
负责人	4	1735	0
霍	1	3364	0
香	5	1536	0
姐	19	609	0
妹	4	1736	0
正气	2	2540	0
正气水	2	2541	0
姐妹	3	2043	0
送过来	1	3365	0
惠	4	1737	0
济	5	1537	0
森	2	2542	0
造	4	1738	0
惠济	4	1739	0
天河	4	1740	0
天河路	2	2543	0
森林	2	2544	0
是因为	1	3366	0
张牛	2	2545	0
沟河	2	2546	0
造成	3	2044	0
一期	1	3367	0
二期	2	2547	0
高层	3	2045	0
无水	9	1028	0
空	5	1538	0
有空	1	3368	0
精	4	1741	0
啥	5	1539	0
候	6	1342	0
精品	3	2046	0
没网	4	1742	0
发短信	2	2548	0
短信	5	1540	0
下去	3	2047	0
苑	11	888	0
哪	7	1218	0
嘉苑	4	1743	0
一号	2	2549	0
亨	5	1541	0
泽	5	1542	0
亲	18	638	0
通商	4	1744	0
亨泽	5	1543	0
物流园	6	1343	0
亲们	4	1745	0
上海	2	2550	0
许	6	1344	0
私	5	1544	0
绳	4	1746	0
民众	1	3369	0
获得	1	3370	0
得救	1	3371	0
私信	3	2048	0
箱	6	1345	0
杀	4	1747	0
消杀	4	1748	0
送往	5	1545	0
大堤	7	1219	0
姐姐	7	1220	0
很着急	5	1546	0
着急	11	889	0
樱	6	1346	0
桃	7	1221	0
记	5	1547	0
拨	3	2049	0
群	29	409	0
暂	7	1222	0
伤	6	1347	0
樱桃	6	1348	0
樱桃沟	6	1349	0
景区	6	1350	0
对外	2	2551	0
记者	1	3372	0
开发	1	3373	0
委员	1	3374	0
委员会	1	3375	0
党政	2	2552	0
党政办	2	2553	0
办公	1	3376	0
办公室	1	3377	0
获悉	1	3378	0
前景	2	2554	0
群众	22	536	0
暂无	1	3379	0
伤亡	1	3380	0
介	1	3381	0
绍	1	3382	0
站	40	317	0
侯	4	1749	0
介绍	1	3383	0
安置	18	639	0
村委	6	1351	0
村委会	4	1750	0
委会	6	1352	0
属于	1	3384	0
道路	10	946	0
损毁	3	2050	0
基站	1	3385	0
管委会	1	3386	0
一台	2	2555	0
柴油机	1	3387	0
座机	1	3388	0
外界	8	1117	0
前进	1	3389	0
进村	4	1751	0
侯张线	1	3390	0
张线	1	3391	0
一条	6	1353	0
沿	7	1223	0
岸	3	2051	0
渠和卫河	2	2556	0
沿岸	1	3392	0
人多	2	2557	0
顿	6	1354	0
屯	9	1029	0
拔	1	3393	0
顿坊	5	1548	0
乡水	2	2558	0
水屯	4	1752	0
屯村	4	1753	0
西庄	3	2052	0
南街	6	1355	0
村干部	4	1754	0
干部	4	1755	0
二十多	2	2559	0
十多	18	640	0
平房	2	2560	0
海拔	1	3394	0
启	6	1356	0
浩	2	2561	0
偏	4	1756	0
瘦	1	3395	0
嘴	2	2562	0
角	2	2563	0
字	7	1224	0
玉	2	2564	0
昆	1	3396	0
寻人启事	4	1757	0
启事	4	1758	0
李浩明	1	3397	0
体型	1	3398	0
偏瘦	1	3399	0
嘴角	1	3400	0
同行	2	2565	0
徐玉昆	1	3401	0
两人	8	1118	0
同学	8	1119	0
京	4	1759	0
隧	3	2053	0
另	2	2566	0
蹚	1	3402	0
三十	3	2054	0
三十分	1	3403	0
十分	6	1357	0
最后	6	1358	0
京广	4	1760	0
由南向北	1	3404	0
南向	1	3405	0
向北	2	2567	0
隧道	3	2055	0
通行	3	2056	0
男孩	3	2057	0
水过	1	3406	0
今早	2	2568	0
湖南路	5	1549	0
一片	2	2569	0
妈妈	3	2058	0
很深	9	1030	0
哥哥	3	2059	0
里边	4	1761	0
五	26	456	0
教	6	1359	0
职	4	1762	0
舍	5	1550	0
五十	6	1360	0
五十四	4	1763	0
十四	6	1361	0
教职	1	3407	0
教职工	1	3408	0
职工	1	3409	0
宿舍	5	1551	0
里面	25	478	0
求援	7	1225	0
缆	3	2060	0
水袋	1	3410	0
电缆	3	2061	0
这方面	1	3411	0
方面	1	3412	0
帮个	1	3413	0
筹	1	3414	0
刚	17	675	0
南四环	2	2570	0
四环	5	1552	0
筹集	1	3415	0
刚刚	4	1764	0
宇	9	1031	0
场	25	479	0
啦	2	2571	0
呀	4	1765	0
市场	2	2572	0
水退	1	3416	0
日早	3	2062	0
三号	2	2573	0
南岗	1	3417	0
超市	7	1226	0
富	4	1766	0
什	4	1767	0
锡	1	3418	0
富士	2	2574	0
富士康	2	2575	0
园区	3	2063	0
无锡	1	3419	0
顺	3	2064	0
橡	3	2065	0
永顺	1	3420	0
顺路	1	3421	0
西南	4	1768	0
西南角	1	3422	0
橡皮	3	2066	0
橡皮艇	3	2067	0
皮艇	11	890	0
星	5	1553	0
九	6	1362	0
搜救	2	2576	0
军用	1	3423	0
用车	2	2577	0
车坏	3	2068	0
半路	1	3424	0
一定	2	2578	0
修车	1	3425	0
九点	2	2579	0
点半	2	2580	0
李四	1	3426	0
育	5	1554	0
体育	4	1769	0
体育中心	2	2581	0
已失	7	1227	0
五点	4	1770	0
点多	4	1771	0
隆	2	2582	0
福	9	1032	0
距	3	2069	0
遥	1	3427	0
陷	6	1363	0
沉	1	3428	0
降	9	1033	0
隆福	2	2583	0
距离	3	2070	0
之遥	1	3429	0
户近	1	3430	0
地下	29	410	0
下车	13	805	0
车库	14	762	0
地下室	12	841	0
大面积	1	3431	0
面积	2	2584	0
塌陷	4	1772	0
地基	7	1228	0
沉降	1	3432	0
肉	2	2585	0
类	8	1120	0
蔬	11	891	0
菜	16	697	0
性	9	1034	0
碗	1	3433	0
筷	1	3434	0
套	5	1555	0
潮	2	2586	0
垫	2	2587	0
纸	4	1773	0
杯	1	3435	0
巾	2	2588	0
经开区	1	3436	0
肉类	1	3437	0
蔬菜	11	892	0
一次性	2	2589	0
碗筷	1	3438	0
防潮垫	2	2590	0
卫生	2	2591	0
卫生用品	1	3439	0
排水	19	610	0
排水泵	4	1774	0
锦	6	1364	0
绣	3	2071	0
凯	2	2592	0
锦绣路	3	2072	0
工地	5	1556	0
刘凯	2	2593	0
仍然	4	1775	0
未找到	2	2594	0
找到	4	1776	0
坑	4	1777	0
基坑	1	3440	0
大型	11	893	0
金水区	11	894	0
佳园	1	3441	0
辰	1	3442	0
丽	3	2073	0
漏	2	2595	0
堪	1	3443	0
经三路	2	2596	0
广电	1	3444	0
楼体	4	1778	0
整体	3	2074	0
泡水	4	1779	0
危险	13	806	0
两层	6	1365	0
泄漏	1	3445	0
后果	2	2597	0
不堪	1	3446	0
不堪设想	1	3447	0
设想	1	3448	0
厅	2	2598	0
怕	4	1780	0
隐	2	2599	0
路向	1	3449	0
公安	3	2075	0
公安厅	1	3450	0
家属	17	676	0
家属院	11	895	0
院里	3	2076	0
松动	1	3451	0
安全	15	732	0
安全隐患	2	2600	0
隐患	2	2601	0
升龙	1	3452	0
广场	4	1781	0
勉	1	3453	0
断网	13	807	0
保持	2	2602	0
勉强	1	3454	0
楚	6	1366	0
氏	4	1782	0
骨	2	2603	0
治	5	1557	0
桌	1	3455	0
+	6	1367	0
管城	5	1558	0
城东路	1	3456	0
东关	2	2604	0
骨科	1	3457	0
受伤	4	1783	0
治疗	3	2077	0
桌子	1	3458	0
b	6	1368	0
净	1	3459	0
高新	4	1784	0
高新区	3	2078	0
锦和苑	2	2605	0
抽水泵	10	947	0
干净	1	3460	0
来电	1	3461	0
宅	2	2606	0
拜	8	1121	0
瞿	1	3462	0
住宅	2	2607	0
住宅小区	1	3463	0
多户	4	1785	0
电闸	1	3464	0
负二	3	2079	0
二层	8	1122	0
送电	1	3465	0
拜谢	1	3466	0
物业	5	1559	0
鼎	6	1369	0
第五	1	3467	0
中学	4	1786	0
全都	1	3468	0
商鼎路	4	1787	0
东四环	3	2080	0
向西	1	3469	0
两边	2	2608	0
嘉园	6	1370	0
已涨	1	3470	0
大雨	4	1788	0
星期	1	3471	0
不能	14	763	0
空调	1	3472	0
水到	8	1123	0
抽完	1	3473	0
东站	2	2609	0
躺	2	2610	0
洗	3	2081	0
澡	1	3474	0
睡	6	1371	0
觉	6	1372	0
店里	1	3475	0
沙发	1	3476	0
洗澡	1	3477	0
睡觉	4	1789	0
谈	1	3478	0
航	14	764	0
湾	8	1124	0
身	21	557	0
色	11	896	0
黑	9	1035	0
秀丽	1	3479	0
航海	10	948	0
路通	3	2082	0
站路	3	2083	0
海湾	3	2084	0
走散	4	1790	0
没带	3	2085	0
身穿	3	2086	0
深色	2	2611	0
白色	3	2087	0
体恤	2	2612	0
黑色	5	1560	0
裤子	2	2613	0
葛	3	2088	0
洎	1	3480	0
长葛	3	2089	0
长葛市	2	2614	0
老城	2	2615	0
镇北	4	1791	0
北街	6	1373	0
此次	2	2616	0
水灾	5	1561	0
努	2	2617	0
敬	1	3481	0
被迫	1	3482	0
努力	2	2618	0
水管	1	3483	0
敬请	1	3484	0
文明	1	3485	0
文明办	1	3486	0
樊	3	2090	0
粮食	5	1562	0
现居	11	897	0
东樊村	2	2619	0
几千名	1	3487	0
民房	1	3488	0
房屋	6	1374	0
撑	5	1563	0
三天	11	898	0
讲	6	1375	0
宁	1	3489	0
夏	3	2091	0
对讲机	5	1564	0
宁夏	1	3490	0
填	1	3491	0
报	10	949	0
疾病	2	2620	0
身上	3	2092	0
存	7	1229	0
库存	2	2621	0
存在	3	2093	0
塌方	5	1565	0
失联者	1	3492	0
全是	3	2094	0
楷	1	3493	0
餐	8	1125	0
托	8	1126	0
博	6	1376	0
锐	1	3494	0
四点	2	2622	0
餐厅	1	3495	0
随后	1	3496	0
拜托	7	1230	0
如意	3	2095	0
河东	3	2096	0
呢	4	1792	0
弟	11	899	0
铺	2	2623	0
回	18	641	0
族	2	2624	0
圃	1	3497	0
促	1	3498	0
通电	2	2625	0
姐夫	1	3499	0
弟弟	3	2097	0
打工	1	3500	0
住处	1	3501	0
四个	10	950	0
号码	7	1231	0
回族	2	2626	0
仓促	1	3502	0
离开	2	2627	0
开水	1	3503	0
解	11	900	0
铭	3	2098	0
功	4	1793	0
红	25	480	0
艾	1	3504	0
解放	3	2099	0
红军	1	3505	0
子弟	2	2628	0
子弟兵	2	2629	0
昌	3	2100	0
古	4	1794	0
史	3	2101	0
劳	5	1566	0
床	9	1036	0
轮	3	2102	0
许昌	2	2630	0
古桥	1	3506	0
史庄	2	2631	0
劳动	4	1795	0
劳动力	2	2632	0
河床	2	2633	0
大批	2	2634	0
民兵	2	2635	0
口子	2	2636	0
车轮战	1	3507	0
劳作	1	3508	0
留在	3	2103	0
链	1	3509	0
好几	8	1127	0
几千人	2	2637	0
千人	3	2104	0
校区	6	1377	0
坐落	1	3510	0
河边	1	3511	0
边上	1	3512	0
链接	1	3513	0
校园	1	3514	0
工程	4	1796	0
工程车	1	3515	0
名师	1	3516	0
师生	1	3517	0
航院	3	2105	0
东校区	1	3518	0
上千	2	2638	0
上千人	1	3519	0
坍	10	951	0
致	7	1232	0
龙子	4	1797	0
北门	5	1567	0
地铁	1	3520	0
地铁口	1	3521	0
坍塌	10	952	0
导致	5	1568	0
过腰	3	2106	0
勤	3	2107	0
收	8	1128	0
上三全	1	3522	0
三全	1	3523	0
调用	1	3524	0
一批	5	1569	0
张良卫	1	3525	0
后勤	2	2639	0
贾处	1	3526	0
接收	2	2640	0
钻	1	3527	0
港湾	2	2641	0
正商	3	2108	0
一点	4	1798	0
碧	2	2642	0
祝	1	3528	0
药厂	1	3529	0
祝福	1	3530	0
大安	1	3531	0
贯	1	3532	0
巨	2	2643	0
业主	3	2109	0
贯通	1	3533	0
巨大	2	2644	0
下降	5	1570	0
十公分	1	3534	0
公分	3	2110	0
节	2	2645	0
万科	1	3535	0
东门	2	2646	0
一级	1	3536	0
配电箱	2	2647	0
骏	1	3537	0
通路	2	2648	0
东方	4	1799	0
无电	9	1037	0
浸	4	1800	0
裂	2	2649	0
缝	2	2650	0
浸泡	4	1801	0
裂缝	2	2651	0
东三环	4	1802	0
北三环	1	3538	0
现场	8	1129	0
抓	4	1803	0
四天	6	1378	0
五千	2	2652	0
五千多	2	2653	0
千多	4	1804	0
几万	1	3539	0
几万人	1	3540	0
院内	2	2654	0
抓紧	4	1805	0
供水	2	2655	0
解决	3	2111	0
熙	2	2656	0
根	7	1233	0
否	10	953	0
南熙	2	2657	0
福邸	2	2658	0
据说	1	3541	0
外边	1	3542	0
能否	5	1571	0
瑞	2	2659	0
娟	1	3543	0
空投	1	3544	0
大有	2	2660	0
粉	7	1234	0
龄	8	1130	0
婉	1	3545	0
郑州大学	1	3546	0
第三	11	901	0
奶粉	5	1572	0
年龄	5	1573	0
年龄段	1	3547	0
接受	1	3548	0
害	3	2112	0
婆	1	3549	0
灾害	3	2113	0
老婆	1	3550	0
万分	6	1379	0
元	46	276	0
润	3	2114	0
和平	2	2661	0
温泉	1	3551	0
大酒店	2	2662	0
做手术	2	2663	0
电源	1	3552	0
栖	1	3553	0
新世界	1	3554	0
世界	3	2115	0
区位	2	2664	0
即时	1	3555	0
发送	1	3556	0
五夜	1	3557	0
倾	1	3558	0
斜	2	2665	0
长时间	2	2666	0
邻居	6	1380	0
倾斜	1	3559	0
至极	1	3560	0
趟	1	3561	0
取	1	3562	0
幢	1	3563	0
居多	6	1381	0
送来	1	3564	0
趟水	1	3565	0
水下	1	3566	0
下楼	1	3567	0
好多	9	1038	0
没人	4	1806	0
卡	4	1807	0
卡车	2	2667	0
十万	4	1808	0
正大	1	3568	0
集团	1	3569	0
万物	1	3570	0
~	1	3571	0
栏	2	2668	0
高栏	2	2669	0
装车	2	2670	0
投放	1	3572	0
锤	2	2671	0
搞	2	2672	0
路南	2	2673	0
塑	4	1809	0
料	4	1810	0
塑料	4	1811	0
塑料袋	1	3573	0
风	8	1131	0
三期	1	3574	0
对面	24	495	0
东风	5	1574	0
东风路	4	1812	0
往东	2	2674	0
韦	2	2675	0
彬	2	2676	0
皇	4	1813	0
甫	4	1814	0
上乐	8	1132	0
皇甫	4	1815	0
爷爷	6	1382	0
爷爷奶奶	4	1816	0
人身	3	2116	0
高院	1	3575	0
院子	2	2677	0
发布	12	842	0
琴	1	3576	0
滨	5	1575	0
昨天下午	5	1576	0
天下	6	1383	0
新密	5	1577	0
新密市	5	1578	0
街下	1	3577	0
庄河	2	2678	0
河滨	1	3578	0
后院	1	3579	0
顺河	2	2679	0
河道	2	2680	0
冲走	5	1579	0
恒	3	2117	0
证	3	2118	0
交汇	1	3580	0
交汇处	1	3581	0
恒通	3	2119	0
不停	3	2120	0
保证	1	3582	0
求求	5	1580	0
依	3	2121	0
旧	1	3583	0
恢	2	2681	0
复	9	1039	0
神	2	2682	0
依旧	1	3584	0
恢复	2	2683	0
恢复正常	1	3585	0
正常	1	3586	0
窗	4	1817	0
写	2	2684	0
绿地	1	3587	0
写字楼	2	2685	0
波	2	2686	0
财	2	2687	0
估	3	2122	0
计	6	1384	0
涂	2	2688	0
波及	1	3588	0
上万	1	3589	0
安危	1	3590	0
财产	1	3591	0
汽车	6	1385	0
保守	1	3592	0
估计	2	2689	0
万方	1	3593	0
禄	1	3594	0
海军	1	3595	0
小区业主	1	3596	0
无助	2	2690	0
停车	1	3597	0
停车场	1	3598	0
缺乏食物	1	3599	0
供应	4	1818	0
艰	1	3600	0
构	3	2123	0
紧张	1	3601	0
艰难	1	3602	0
迫切希望	1	3603	0
机构	2	2691	0
所	18	642	0
东城	1	3604	0
路上	8	1133	0
所有	7	1235	0
有车	7	1236	0
出不去	7	1237	0
第三天	2	2692	0
宽	4	1819	0
担	8	1134	0
一品	1	3605	0
哪位	2	2693	0
担心	7	1238	0
径	3	2124	0
蹦	1	3606	0
跃	1	3607	0
汛情	2	2694	0
上百	2	2695	0
多日	1	3608	0
口径	2	2696	0
兴	3	2125	0
怡	1	3609	0
复兴	1	3610	0
天怡佳苑	1	3611	0
亚	2	2697	0
亚新	1	3612	0
大部	3	2126	0
大部分	3	2127	0
部分	12	843	0
救出	9	1040	0
听	5	1581	0
家里人	3	2128	0
听说	2	2698	0
停网	1	3613	0
道具	1	3614	0
人能	2	2699	0
人困	1	3615	0
突	2	2700	0
击	1	3616	0
拟	1	3617	0
成立	1	3618	0
突击	1	3619	0
见	10	954	0
恩	1	3620	0
之后	4	1820	0
见过	1	3621	0
大夫	1	3622	0
员工	1	3623	0
广大	1	3624	0
市民	1	3625	0
提供线索	1	3626	0
感恩	1	3627	0
植	2	2701	0
冰	3	2129	0
移植	1	3628	0
保存	1	3629	0
细胞	1	3630	0
冰箱	1	3631	0
应用	1	3632	0
尿	5	1582	0
瓶	6	1386	0
闭	1	3633	0
症	4	1821	0
郑大五	1	3634	0
尿不湿	2	2702	0
水瓶	2	2703	0
自闭症	1	3635	0
病区	2	2704	0
多位	1	3636	0
数量	1	3637	0
傅	4	1822	0
买	5	1583	0
以下	3	2130	0
神龙	1	3638	0
泵业	1	3639	0
师傅	4	1823	0
买不到	1	3640	0
侧	7	1239	0
墙	5	1584	0
挡	4	1824	0
筑	5	1585	0
东侧	3	2131	0
发现	2	2705	0
暂时	5	1586	0
是否	5	1587	0
建筑	2	2706	0
结构	1	3641	0
回复	3	2132	0
成人	1	3642	0
身高	6	1387	0
一半	2	2707	0
马上	24	496	0
数据	1	3643	0
相同	1	3644	0
关机	17	677	0
塔	6	1388	0
镇国塔	3	2133	0
南边	3	2134	0
卸货	4	1825	0
派出	1	3645	0
派出所	1	3646	0
丰	2	2708	0
弱	10	955	0
残	6	1389	0
珊	2	2709	0
真实情况	2	2710	0
实情	8	1135	0
丰乐	1	3647	0
里村	1	3648	0
老弱	3	2135	0
老弱病残	2	2711	0
荥	12	844	0
张义	1	3649	0
家住	3	2136	0
荥阳	12	845	0
荥阳市	11	902	0
从村	1	3650	0
西头	3	2137	0
公交	3	2138	0
公交车	1	3651	0
上街	1	3652	0
邯	1	3653	0
郸	1	3654	0
几个	12	846	0
无人机	1	3655	0
邯郸	1	3656	0
去往	2	2712	0
化	14	765	0
遗	2	2713	0
云	6	1390	0
艘	6	1391	0
这条	3	2139	0
多多	1	3657	0
小姐	1	3658	0
小姐姐	1	3659	0
文化	2	2714	0
遗产	2	2715	0
两艘	2	2716	0
局长	2	2717	0
镇大	3	2140	0
溢	2	2718	0
享	2	2719	0
高铁	3	2141	0
多地	4	1826	0
分享	2	2720	0
美	4	1827	0
麟	1	3660	0
美景	1	3661	0
过热	1	3662	0
热点	1	3663	0
临近	6	1392	0
二次	2	2721	0
防御	1	3664	0
租	2	2722	0
卫滨区	4	1828	0
八里	1	3665	0
老村	1	3666	0
租户	2	2723	0
房东	1	3667	0
队长	4	1829	0
送点	1	3668	0
吕	1	3669	0
濮	1	3670	0
吕村	1	3671	0
新中	4	1830	0
进入	5	1588	0
出不来	4	1831	0
凌	4	1832	0
晨	4	1833	0
凌晨	4	1834	0
身在	1	3672	0
发来	1	3673	0
全区	3	2142	0
成为	2	2724	0
为重	2	2725	0
围困	5	1589	0
解救	2	2726	0
解救出来	2	2727	0
进去	8	1136	0
八辆	3	2143	0
住口	1	3674	0
缺口	1	3675	0
早已	1	3676	0
赞	1	3677	0
一部	4	1835	0
一部分	2	2728	0
露	3	2144	0
庭	2	2729	0
题	2	2730	0
被子	10	956	0
相当	1	3678	0
家庭	2	2731	0
房子	13	808	0
水里	10	957	0
问题	2	2732	0
褥	14	766	0
米面	3	2145	0
被褥	12	847	0
大都	1	3679	0
接到	2	2733	0
污	5	1590	0
排污	3	2146	0
焦	2	2734	0
丹	2	2735	0
农村	3	2147	0
农作物	1	3680	0
作物	1	3681	0
最最	4	1836	0
焦作	2	2736	0
底下	3	2148	0
水情	1	3682	0
未知	2	2737	0
顶顶	1	3683	0
牺	2	2738	0
牲	2	2739	0
牺牲	2	2740	0
到位	1	3684	0
棋	2	2741	0
盘	4	1837	0
洞	10	958	0
山上	7	1240	0
所有人	3	2149	0
路线	2	2742	0
上山	3	2150	0
锹	5	1591	0
自备	1	3685	0
铁锹	5	1592	0
凡	3	2151	0
又	6	1393	0
熬	1	3686	0
日晚	3	2152	0
十点	1	3687	0
夜晚	1	3688	0
赶	4	1838	0
慢	8	1137	0
传	2	2743	0
一万	2	2744	0
一万个	1	3689	0
万个	4	1839	0
离得	1	3690	0
赶紧	2	2745	0
对接	8	1138	0
传送	1	3691	0
补救	1	3692	0
液	2	2746	0
权	1	3693	0
位居	1	3694	0
居高不下	1	3695	0
不下	3	2153	0
消毒液	2	2747	0
各位朋友	1	3696	0
镇西	4	1840	0
宋村	1	3697	0
加	15	733	0
撑不住	3	2154	0
加急	3	2155	0
玛	1	3698	0
西玛	1	3699	0
小孩子	8	1139	0
六十	4	1841	0
六十多	3	2156	0
六十多岁	2	2748	0
多岁	14	767	0
妇女	7	1241	0
服	10	959	0
侯村	1	3700	0
党群	1	3701	0
服务	2	2749	0
服务中心	1	3702	0
前线	2	2750	0
井	3	2157	0
乎	2	2751	0
金井	1	3703	0
沟村	5	1593	0
倒塌	3	2158	0
冲断	2	2752	0
生命危险	1	3704	0
联络	1	3705	0
传出	1	3706	0
微乎其微	1	3707	0
俺	2	2753	0
械	3	2159	0
贤	1	3708	0
逐	1	3709	0
渐	1	3710	0
这次	2	2754	0
新镇镇	1	3711	0
地段	1	3712	0
机械	3	2160	0
机械化	1	3713	0
淹完	4	1842	0
逐渐	1	3714	0
扩大	1	3715	0
轻	7	1242	0
滞	8	1140	0
小河	5	1594	0
河口	4	1843	0
年轻	6	1394	0
年轻人	5	1595	0
滞留	7	1243	0
效	2	2755	0
裙	3	2161	0
必	7	1244	0
真实有效	1	3716	0
有效	2	2756	0
核对	1	3717	0
四街	2	2757	0
务必	2	2758	0
注意	3	2162	0
注意安全	3	2163	0
就近	2	2759	0
喷	2	2760	0
压	9	1041	0
遭	3	2164	0
殃	2	2761	0
北关	8	1141	0
街卫	2	2762	0
地底下	2	2763	0
喷水	2	2764	0
受不了	2	2765	0
压力	2	2766	0
堵堤	3	2165	0
口卫河	1	3718	0
遭殃	2	2767	0
半夜	2	2768	0
两点	1	3719	0
七点	1	3720	0
有意	1	3721	0
意愿	1	3722	0
自行	1	3723	0
q	1	3724	0
旗	5	1596	0
编号	1	3725	0
紧急情况	1	3726	0
具体地址	2	2769	0
红旗	5	1597	0
详细情况	1	3727	0
李勇	2	2770	0
矿	7	1245	0
侦	1	3728	0
万瓶	1	3729	0
农夫	1	3730	0
矿泉水	6	1395	0
快捷	1	3731	0
保温	1	3732	0
装备	5	1598	0
公安局	1	3733	0
准	3	2166	0
限	10	960	0
长沙	3	2167	0
准备	3	2168	0
有限	10	961	0
执	1	3734	0
键	1	3735	0
民间	1	3736	0
执行	1	3737	0
睡眠	1	3738	0
来得	1	3739	0
来得及	1	3740	0
关键	1	3741	0
一整天	2	2771	0
整天	2	2772	0
水中	3	2169	0
衣物	3	2170	0
服装	1	3742	0
胶鞋	6	1396	0
陶	6	1397	0
瓷	6	1398	0
拐	2	2773	0
蒙	2	2774	0
张勇	4	1844	0
陶瓷	6	1399	0
第一个	7	1246	0
到头	2	2775	0
血压	5	1599	0
吃药	1	3743	0
鑫	3	2171	0
清	7	1247	0
清楚	5	1600	0
姗	2	2776	0
欢	2	2777	0
馒	2	2778	0
驾	2	2779	0
驶	2	2780	0
特	9	1042	0
王明	1	3744	0
明明	1	3745	0
点二	2	2781	0
欢乐	1	3746	0
乐园	1	3747	0
馒头	2	2782	0
目的	1	3748	0
目的地	1	3749	0
不详	3	2172	0
驾驶	2	2783	0
福特	1	3750	0
仙	1	3751	0
别	9	1043	0
天仙	1	3752	0
分别	3	2173	0
两名	8	1142	0
女童	1	3753	0
糖	2	2784	0
全淹	6	1400	0
保不住	2	2785	0
糖尿病	2	2786	0
病患	4	1845	0
老兵	4	1846	0
西区	1	3754	0
餐饮	1	3755	0
水有	3	2174	0
电有	3	2175	0
撒	1	3756	0
银	3	2176	0
汽车站	3	2177	0
车站	16	698	0
农业	3	2178	0
农业银行	3	2179	0
银行	3	2180	0
救人	2	2787	0
糊	3	2181	0
仿	3	2182	0
七十	2	2788	0
七十多	1	3757	0
难过	1	3758	0
有点	5	1601	0
糊涂	1	3759	0
有没有	32	381	0
好心	7	1248	0
好心人	7	1249	0
人来	3	2183	0
营救	7	1250	0
仿古	3	2184	0
讯	1	3760	0
绝	3	2185	0
公众	1	3761	0
通讯	1	3762	0
断绝	1	3763	0
顶上	5	1602	0
吃喝	5	1603	0
变	1	3764	0
器	2	2789	0
杜	2	2790	0
变压器	1	3765	0
确定	2	2791	0
政府部门	1	3766	0
k	2	2792	0
煮	1	3767	0
火车	15	734	0
车上	6	1401	0
泡面	2	2793	0
米饭	1	3768	0
西装	1	3769	0
靠近	2	2794	0
想要	1	3770	0
提前	2	2795	0
受难	2	2796	0
受难者	1	3771	0
报备	1	3772	0
寨	6	1402	0
爆	5	1604	0
归	3	2186	0
白寨	2	2797	0
高庙	3	2187	0
山洪	3	2188	0
山洪爆发	2	2798	0
爆发	2	2799	0
乡亲	2	2800	0
乡亲们	1	3773	0
流离失所	1	3774	0
无家可归	2	2801	0
父	7	1251	0
母	5	1605	0
父母	3	2189	0
北云门	2	2802	0
二中	2	2803	0
西木庄	2	2804	0
刘先生	1	3775	0
回不去	2	2805	0
怀	2	2806	0
镇小块	2	2807	0
小块	4	1847	0
六口	5	1606	0
怀孕	2	2808	0
六个	4	1848	0
六个月	1	3776	0
一个两岁	1	3777	0
两岁	1	3778	0
黄	10	962	0
须	3	2190	0
黄河	3	2191	0
索须	1	3779	0
中间	6	1403	0
支沟	1	3780	0
灾难	1	3781	0
大水	1	3782	0
耿	4	1849	0
览	1	3783	0
棉	4	1850	0
抗战	1	3784	0
实物	2	2809	0
展览	1	3785	0
文物	2	2810	0
运送	6	1404	0
红绿灯	3	2192	0
绿灯	3	2193	0
后河	2	2811	0
河头	3	2194	0
接上	1	3786	0
救护车	2	2812	0
酮	3	2195	0
单	23	514	0
表姐	2	2813	0
她家	3	2196	0
阳光城	3	2197	0
不让	2	2814	0
让出	2	2815	0
出门	3	2198	0
单元	15	735	0
约	7	1252	0
龙王	11	903	0
龙王庙	10	963	0
最高	3	2199	0
三名	2	2816	0
泛	1	3787	0
滥	1	3788	0
共济	1	3789	0
三百	1	3790	0
三百多	1	3791	0
泛滥	1	3792	0
情况严重	1	3793	0
豫	3	2200	0
司	10	964	0
豫北	3	2201	0
化工	3	2202	0
有限公司	3	2203	0
公司	8	1143	0
正对面	2	2817	0
石沟	9	1044	0
七口	1	3794	0
口人	12	848	0
看看	1	3795	0
吴	3	2204	0
伸	6	1405	0
原博	1	3796	0
博主	1	3797	0
身体	4	1851	0
伸出	6	1406	0
之手	2	2818	0
父亲	4	1852	0
舆	1	3798	0
论	1	3799	0
反	4	1853	0
舆论	1	3800	0
危急	4	1854	0
特别	3	2205	0
不降	1	3801	0
播	1	3802	0
守住	1	3803	0
广播	1	3804	0
楠	1	3805	0
琳	2	2819	0
卷	1	3806	0
挑	1	3807	0
染	3	2206	0
闷	1	3808	0
半左右	1	3809	0
碧云	1	3810	0
头发	1	3811	0
稍	2	2820	0
缓	2	2821	0
再次	2	2822	0
缓解	1	3812	0
虚弱	4	1855	0
所在	4	1856	0
所在位置	3	2207	0
在位	3	2208	0
称	2	2823	0
输	5	1607	0
人称	1	3813	0
运输	5	1608	0
三日	3	2209	0
项	4	1857	0
宗	3	2210	0
项目	4	1858	0
名称	1	3814	0
金光	1	3815	0
花苑	1	3816	0
稍微	1	3817	0
足够	1	3818	0
生活区	5	1609	0
新郑	1	3819	0
新郑市	1	3820	0
纣	1	3821	0
殿	1	3822	0
黄洞	3	2211	0
？	1	3823	0
下元	28	424	0
慢性	1	3824	0
慢性病	1	3825	0
性病	1	3826	0
u	2	2824	0
寓	1	3827	0
公寓	1	3828	0
便利	2	2825	0
便利店	2	2826	0
关门	1	3829	0
城西	1	3830	0
南侧	2	2827	0
幼儿	14	768	0
幼儿园	13	809	0
一老	6	1407	0
翟	1	3831	0
路过	1	3832	0
除	2	2828	0
衣服	5	1610	0
重现	1	3833	0
之外	1	3834	0
身边	2	2829	0
朋友家	2	2830	0
多余	1	3835	0
挖	3	2212	0
掘	3	2213	0
慎	1	3836	0
曾	2	2831	0
闪	1	3837	0
挖掘	3	2214	0
挖掘机	3	2215	0
不慎	1	3838	0
落水	1	3839	0
打开	1	3840	0
闪光灯	1	3841	0
慧	2	2832	0
娜	1	3842	0
马达	3	2216	0
救援艇	4	1859	0
连夜	1	3843	0
山西	1	3844	0
觉得	1	3845	0
速度	4	1860	0
脑	1	3846	0
炎	1	3847	0
四岁	2	2833	0
女孩	5	1611	0
就医	1	3848	0
之前	4	1861	0
十五	1	3849	0
五个	4	1862	0
二十四	2	2834	0
岩	1	3850	0
卸下	1	3851	0
广州	1	3852	0
货物	2	2835	0
能来	1	3853	0
冷	1	3854	0
饿	4	1863	0
高速	9	1045	0
高速路	4	1864	0
汴	1	3855	0
郑汴	1	3856	0
流通	2	2836	0
通道	3	2217	0
公交站	2	2837	0
东南	2	2838	0
项目部	1	3857	0
富田	2	2839	0
太阳	3	2218	0
太阳城	2	2840	0
亲人	4	1865	0
微博	1	3858	0
断联	2	2841	0
格	1	3859	0
茂	1	3860	0
不用	3	2219	0
上报	3	2220	0
挨	8	1144	0
夺	1	3861	0
声	3	2221	0
挨着	7	1253	0
一声	1	3862	0
娘	3	2222	0
急转	2	2842	0
娘家	1	3863	0
乘	1	3864	0
加上	1	3865	0
坐车	1	3866	0
一瓶	1	3867	0
查	2	2843	0
询	2	2844	0
嘛	1	3868	0
查询	1	3869	0
新镇北	2	2845	0
刘庄村	4	1866	0
两千	2	2846	0
两千多	1	3870	0
居民	12	849	0
找人	1	3871	0
两百多	1	3872	0
大队	5	1612	0
大地	1	3873	0
地铺	1	3874	0
获救	3	2223	0
室友	3	2224	0
兄	3	2225	0
兄弟	3	2226	0
兄弟姐妹	2	2847	0
侯寨	1	3875	0
炉	1	3876	0
固体	1	3877	0
酒精	1	3878	0
炉子	1	3879	0
高山	1	3880	0
山镇	1	3881	0
啊	8	1145	0
戚	2	2848	0
正面	1	3882	0
亲戚	2	2849	0
东润华景	1	3883	0
机关	3	2227	0
辛	23	515	0
辛庄	22	537	0
我家	3	2228	0
app	1	3884	0
询问	1	3885	0
尖	1	3886	0
伏	1	3887	0
羲	1	3888	0
言	1	3889	0
盛	1	3890	0
娃	1	3891	0
纺	1	3892	0
棉纺	1	3893	0
都市	1	3894	0
领地	1	3895	0
很差	4	1867	0
挂	7	1254	0
筏	3	2229	0
拖挂	5	1613	0
车队	4	1868	0
打下	1	3896	0
非常感谢	2	2850	0
皮筏	2	2851	0
w	1	3897	0
救生船	1	3898	0
中队	1	3899	0
同志	2	2852	0
带领	1	3900	0
峡	1	3901	0
沦	2	2853	0
欣	1	3902	0
橦	1	3903	0
环宇	1	3904	0
立交桥	1	3905	0
沦陷	2	2854	0
名单	1	3906	0
明星	1	3907	0
返	3	2230	0
汉	1	3908	0
激	1	3909	0
返回	1	3910	0
武汉	1	3911	0
防护服	1	3912	0
西湖	1	3913	0
司机	2	2855	0
感激	1	3914	0
感激不尽	1	3915	0
协	1	3916	0
罐	3	2231	0
协调	1	3917	0
木桥	2	2856	0
加油	4	1869	0
加油站	3	2232	0
油罐	1	3918	0
抽出	1	3919	0
放出	1	3920	0
盼	1	3921	0
五人	1	3922	0
盼望	1	3923	0
火速	1	3924	0
淋	2	2857	0
哭	2	2858	0
闹	1	3925	0
应该	1	3926	0
淋雨	2	2859	0
见到	3	2233	0
名家	1	3927	0
菜市场	1	3928	0
楼顶	10	965	0
漫到	1	3929	0
转发	5	1614	0
视	6	1408	0
频	4	1870	0
r	1	3930	0
假	2	2860	0
班	3	2234	0
了解	1	3931	0
一带	1	3932	0
视频	4	1871	0
商场	2	2861	0
女生	2	2862	0
暑假	1	3933	0
下班	1	3934	0
打伞	1	3935	0
唐	13	810	0
十几	13	811	0
十几户	6	1409	0
受困	14	769	0
翔宇	5	1615	0
后面	17	678	0
唐岗	12	850	0
卧	3	2235	0
弹	3	2236	0
卧病在床	3	2237	0
八十	12	851	0
八十多	9	1046	0
八十多岁	6	1410	0
动弹	3	2238	0
成年	3	2239	0
成年人	3	2240	0
纱	6	1411	0
绪	6	1412	0
纱厂	6	1413	0
情绪	6	1414	0
换	2	2863	0
贴	2	2864	0
换洗	1	3936	0
把	6	1415	0
到家	1	3937	0
手里	1	3938	0
七八	2	2865	0
七八个	2	2866	0
八个	2	2867	0
依靠	1	3939	0
遍	2	2868	0
撤出	1	3940	0
请问	2	2869	0
工作者	1	3941	0
作者	1	3942	0
人高	2	2870	0
一遍	2	2871	0
往返	1	3943	0
勐	1	3944	0
部长	1	3945	0
建文	1	3946	0
十万火急	3	2241	0
今天下午	1	3947	0
教师	2	2872	0
三天三夜	1	3948	0
不良	2	2873	0
反应	2	2874	0
八十岁	3	2242	0
厂区	1	3949	0
忽	1	3950	0
断断续续	1	3951	0
居民区	1	3952	0
工业	1	3953	0
工业园	1	3954	0
工业园区	1	3955	0
忽视	1	3956	0
突发	1	3957	0
；	8	1146	0
滑	3	2243	0
发电机组	1	3958	0
机组	1	3959	0
叉车	1	3960	0
迷彩服	1	3961	0
万件	1	3962	0
照明灯	1	3963	0
虽	1	3964	0
放水	1	3965	0
不断	9	1047	0
后期	1	3966	0
再有	1	3967	0
降雨	2	2875	0
不可	1	3968	0
想象	1	3969	0
七十岁	1	3970	0
七个	1	3971	0
室外	1	3972	0
居民楼	2	2876	0
半数	1	3973	0
役	2	2877	0
聘	1	3974	0
第四	2	2878	0
滞洪区	1	3975	0
启用	2	2879	0
分洪	1	3976	0
王庄镇	1	3977	0
场地	1	3978	0
工厂	1	3979	0
退役	1	3980	0
退役军人	1	3981	0
服务站	1	3982	0
英	4	1872	0
浛	1	3983	0
洸	1	3984	0
泰	3	2244	0
悦	3	2245	0
巷	2	2880	0
东街	2	2881	0
后门	1	3985	0
巷子	2	2882	0
楼房	5	1616	0
孙子	1	3986	0
消退	1	3987	0
困难	3	2246	0
塞	2	2883	0
购	3	2247	0
简	2	2884	0
连日	1	3988	0
特大	1	3989	0
大暴雨	1	3990	0
堵塞	2	2885	0
存粮	1	3991	0
耗尽	1	3992	0
购买	3	2248	0
简单	1	3993	0
清理	1	3994	0
路面	2	2886	0
植物	1	3995	0
形	2	2887	0
峻	1	3996	0
蚊	4	1873	0
咬	1	3997	0
虫	1	3998	0
叮	1	3999	0
洪灾	1	4000	0
形势	2	2888	0
形势严峻	1	4001	0
严峻	1	4002	0
遭受	1	4003	0
现象	1	4004	0
户外	1	4005	0
蚊帐	3	2249	0
花露水	1	4006	0
援手	4	1874	0
孟	3	2250	0
烈	3	2251	0
危房	4	1875	0
厘	1	4007	0
厘米	1	4008	0
船只	3	2252	0
赣	1	4009	0
分发	1	4010	0
卸车	2	2889	0
大约	2	2890	0
行云	1	4011	0
赣江	1	4012	0
仅	3	2253	0
斤	5	1617	0
鸡	3	2254	0
蛋	1	4013	0
职业	3	2255	0
鸡蛋	1	4014	0
积极	2	2891	0
殊	2	2892	0
种	2	2893	0
十几名	2	2894	0
特殊	2	2895	0
电工	1	4015	0
电力	3	2256	0
确切	1	4016	0
北环	5	1618	0
橹	1	4017	0
东明	2	2896	0
东明路	2	2897	0
严重不足	2	2898	0
水流	8	1147	0
即将	6	1416	0
貌	1	4018	0
征	2	2899	0
g	2	2900	0
性别	1	4019	0
面貌	1	4020	0
特征	1	4021	0
体重	2	2901	0
事件	1	4022	0
包围	1	4023	0
过程	1	4024	0
新寺路	1	4025	0
桥段	1	4026	0
发生意外	1	4027	0
生意	1	4028	0
意外	1	4029	0
搜寻	1	4030	0
代发	1	4031	0
求问	1	4032	0
二道桥	12	852	0
晶	3	2257	0
水晶	3	2258	0
水晶城	3	2259	0
北区	2	2902	0
楼东户	1	4033	0
园村	18	643	0
新房	1	4034	0
大人	22	538	0
盐	3	2260	0
独	3	2261	0
火车站	12	853	0
机厂	1	4035	0
前面	2	2903	0
独院	1	4036	0
未归	1	4037	0
芦花	7	1255	0
停气	3	2262	0
厚	1	4038	0
塑料布	2	2904	0
当地	4	1876	0
几天	2	2905	0
风险	2	2906	0
覆	2	2907	0
盖	6	1417	0
胜	6	1418	0
邵	1	4039	0
潇	1	4040	0
覆盖	2	2908	0
不缺	1	4041	0
胜利	5	1619	0
情况紧急	1	4042	0
避险	2	2909	0
一百	2	2910	0
挡不住	1	4043	0
更新	2	2911	0
超级	1	4044	0
加大	1	4045	0
解放军	1	4046	0
房间	1	4047	0
隔墙	1	4048	0
同样	1	4049	0
近邻	1	4050	0
集中	3	2263	0
避雨	1	4051	0
携	2	2912	0
探	1	4052	0
率	1	4053	0
凉	3	2264	0
折	3	2265	0
叠	1	4054	0
征集	1	4055	0
如下	1	4056	0
雨鞋	1	4057	0
便携式	1	4058	0
探照灯	1	4059	0
大功率	1	4060	0
功率	1	4061	0
夏凉	2	2913	0
褥子	2	2914	0
折叠	1	4062	0
折叠床	1	4063	0
居住	3	2266	0
开封	1	4064	0
戴	1	4065	0
不要	5	1620	0
男人	2	2915	0
市内	1	4066	0
不间断	1	4067	0
间断	1	4068	0
记得	1	4069	0
口罩	1	4070	0
付	2	2916	0
费	6	1419	0
付费	2	2917	0
用量	1	4071	0
必须	2	2918	0
分已	1	4072	0
信息沟通	1	4073	0
沟通	1	4074	0
朝	2	2919	0
迎	2	2920	0
你	1	4075	0
孟庄	1	4076	0
欢迎	1	4077	0
牌子	1	4078	0
往北	3	2267	0
往北走	2	2921	0
第二家	7	1256	0
分手	1	4079	0
三四	1	4080	0
三四只	1	4081	0
汽艇	5	1621	0
上天	1	4082	0
天黑	1	4083	0
太慢	1	4084	0
企	1	4085	0
丘	1	4086	0
睢	1	4087	0
胎	4	1877	0
企业	1	4088	0
商丘	1	4089	0
运到	1	4090	0
爆胎	1	4091	0
更好	2	2922	0
扫	2	2923	0
坝	3	2268	0
彭	1	4092	0
引	1	4093	0
紧挨	3	2269	0
堤坝	3	2270	0
彭村	1	4094	0
带来	1	4095	0
损失	1	4096	0
田地	1	4097	0
地下水	1	4098	0
污染	2	2924	0
引用	1	4099	0
大米	1	4100	0
申	1	4101	0
村支书	1	4102	0
支书	1	4103	0
四楼	1	4104	0
显	1	4105	0
武装	2	2925	0
武装部	2	2926	0
部下	1	4106	0
财经	1	4107	0
政法	1	4108	0
明显	1	4109	0
兵团	1	4110	0
集合	2	2927	0
集合地点	1	4111	0
体育场	1	4112	0
备注	2	2928	0
斑	1	4113	0
斑马	1	4114	0
铲	11	904	0
铲车	11	905	0
抓紧时间	2	2929	0
多谢	1	4115	0
栋	1	4116	0
西户	1	4117	0
整栋	1	4118	0
栋楼	1	4119	0
垃圾场	1	4120	0
一队	1	4121	0
已困	1	4122	0
较长	2	2930	0
制	1	4123	0
瑛	1	4124	0
新医一	1	4125	0
重症	1	4126	0
控制	1	4127	0
材	1	4128	0
三点	1	4129	0
食材	1	4130	0
上级	1	4131	0
一周	1	4132	0
廊	4	1878	0
\	2	2931	0
伤病	1	4133	0
前人	1	4134	0
困于	2	2932	0
管廊	4	1879	0
回声	1	4135	0
1000m3	1	4136	0
自费	1	4137	0
漫出	2	2933	0
漫出来	1	4138	0
来水	1	4139	0
第一批	1	4140	0
堵水	1	4141	0
路段	1	4142	0
黄河口	2	2934	0
几百	1	4143	0
几百人	1	4144	0
南面	1	4145	0
吃不上	1	4146	0
领秀	1	4147	0
领秀城	1	4148	0
溃	2	2935	0
崩溃	2	2936	0
男女	1	4149	0
男女老少	1	4150	0
老少	2	2937	0
六点	1	4151	0
护堤	3	2271	0
打电话	4	1880	0
宜	3	2272	0
四海	3	2273	0
残疾	4	1881	0
小朋友	2	2938	0
固定	1	4152	0
名人	2	2939	0
女性	4	1882	0
几十人	3	2274	0
厨	1	4153	0
灶	1	4154	0
厨房	1	4155	0
灶台	1	4156	0
快速	1	4157	0
进不来	3	2275	0
有力	1	4158	0
力气	1	4159	0
碰	1	4160	0
架	2	2940	0
担架	1	4161	0
湍	3	2276	0
湍急	3	2277	0
漫进	1	4162	0
十字	4	1883	0
十字路口	3	2278	0
补胎	1	4163	0
水势	4	1884	0
很长	3	2279	0
透支	1	4164	0
好几家	1	4165	0
一共	8	1148	0
移动	3	2280	0
偏瘫	2	2941	0
膝	4	1885	0
十几个	3	2281	0
膝盖	3	2282	0
病危	1	4166	0
雨水	1	4167	0
呼吸机	1	4168	0
药店	2	2942	0
圳	1	4169	0
盐土	1	4170	0
即食	2	2943	0
深圳	1	4171	0
有见	1	4172	0
拿	1	4173	0
珍	1	4174	0
踪	1	4175	0
崔	5	1622	0
堂	8	1149	0
失踪	1	4176	0
崔庙	4	1886	0
王宗店	2	2944	0
石子	1	4177	0
冲塌	1	4178	0
途	2	2945	0
途径	1	4179	0
南三环	2	2946	0
高架	1	4180	0
高架桥	1	4181	0
藏	1	4182	0
奎	3	2283	0
暗	1	4183	0
西藏	1	4184	0
奎屯	2	2947	0
完好	1	4185	0
冲开	1	4186	0
吨	5	1623	0
发到	1	4187	0
挂车	1	4188	0
装满	1	4189	0
越多越好	2	2948	0
毛	3	2284	0
毯	2	2949	0
毛毯	2	2950	0
卫生纸	1	4190	0
毛巾	1	4191	0
壮	2	2951	0
青壮年	2	2952	0
壮年	2	2953	0
多辆	1	4192	0
大半	2	2954	0
地带	1	4193	0
漫过	1	4194	0
说话	1	4195	0
大声	1	4196	0
对方	1	4197	0
俩	4	1887	0
检	2	2955	0
察	2	2956	0
检察	2	2957	0
检察院	1	4198	0
阵	4	1888	0
湖筑	2	2958	0
防护堤	2	2959	0
西边	4	1889	0
沿河	2	2960	0
可到	2	2961	0
阵地	3	2285	0
老父	1	4199	0
老父亲	1	4200	0
绝望	1	4201	0
人情	2	2962	0
拉走	1	4202	0
累	4	1890	0
替	4	1891	0
出行	2	2963	0
无需	1	4203	0
接替	1	4204	0
替换	1	4205	0
渣	1	4206	0
免	1	4207	0
土石	1	4208	0
土石方	1	4209	0
四台	1	4210	0
免费	1	4211	0
调度	1	4212	0
汜	3	2286	0
汜水镇	3	2287	0
区有	2	2964	0
威	2	2965	0
胁	1	4213	0
刘河	1	4214	0
南部	1	4215	0
受到	1	4216	0
全镇	2	2966	0
余人	5	1624	0
后续	1	4217	0
威胁	1	4218	0
堰	3	2288	0
维	3	2289	0
蜡	2	2967	0
烛	2	2968	0
贾峪镇	1	4219	0
水井	2	2969	0
半个	2	2970	0
水利	1	4220	0
维修	1	4221	0
修好	1	4222	0
照明设备	3	2290	0
蜡烛	2	2971	0
路基	1	4223	0
畅通	2	2972	0
头灯	2	2973	0
翠	1	4224	0
环翠峪	1	4225	0
书记	1	4226	0
席	1	4227	0
钩	1	4228	0
镇现	1	4229	0
存储	1	4230	0
凉席	1	4231	0
应急照明	2	2974	0
大中小型	1	4232	0
中小	1	4233	0
中小型	1	4234	0
小型	2	2975	0
钩机	1	4235	0
厦	1	4236	0
涛	1	4237	0
大厦	1	4238	0
离家	1	4239	0
新增	1	4240	0
面粉	1	4241	0
面粉厂	1	4242	0
商城	1	4243	0
定国湖	2	2976	0
灌水	2	2977	0
重视	1	4244	0
一万多	1	4245	0
万多	1	4246	0
淑	1	4247	0
技术	1	4248	0
小店	1	4249	0
入住	1	4250	0
面条	1	4251	0
原淑慧	1	4252	0
猪	2	2978	0
羊	2	2979	0
板	2	2980	0
来头	1	4253	0
数十	1	4254	0
牛羊	1	4255	0
老板	1	4256	0
大卡车	1	4257	0
洁	1	4258	0
四名	3	2291	0
柳	3	2292	0
黎	1	4259	0
迟	4	1892	0
减	2	2981	0
学院路	2	2982	0
黎明	1	4260	0
地上	1	4261	0
水排	1	4262	0
迟迟	2	2983	0
不见	2	2984	0
减退	2	2985	0
朱庄村	2	2986	0
煤	1	4263	0
尘	1	4264	0
肺	1	4265	0
馈	1	4266	0
漱	1	4267	0
供应商	1	4268	0
联合	1	4269	0
联合会	1	4270	0
煤矿	1	4271	0
防治	1	4272	0
基金	3	2293	0
基金会	2	2987	0
健康	2	2988	0
反馈	1	4273	0
用药	2	2989	0
内衣	2	2990	0
洗漱	1	4274	0
潜	1	4275	0
潜水	1	4276	0
潜水泵	1	4277	0
胜利渠	1	4278	0
东边	1	4279	0
河城	1	4280	0
西门	2	2991	0
牧村	1	4281	0
村东	1	4282	0
东口	1	4283	0
霞	1	4284	0
梅	1	4285	0
北环路	1	4286	0
环路	1	4287	0
保护	1	4288	0
建军	1	4289	0
恳求	1	4290	0
二十四个	1	4291	0
连在一起	1	4292	0
两条	2	2992	0
两条船	1	4293	0
发不出	2	2993	0
才	10	966	0
须要	1	4294	0
才能	1	4295	0
就要	2	2994	0
迎来	1	4296	0
人群	1	4297	0
根本	1	4298	0
涌	1	4299	0
涌出	1	4300	0
所剩无几	1	4301	0
兰	1	4302	0
亭	1	4303	0
孤	1	4304	0
岛	1	4305	0
建设路	3	2294	0
木兰	1	4306	0
已成	1	4307	0
孤岛	1	4308	0
路边	1	4309	0
宏	1	4310	0
宏力	1	4311	0
辖	3	2295	0
榴	1	4312	0
红旗区	3	2296	0
办事	2	2995	0
办事处	2	2996	0
辖区	3	2297	0
基层	1	4313	0
老年	1	4314	0
老年人	1	4315	0
洼	1	4316	0
眼	1	4317	0
—	2	2997	0
校内	1	4318	0
单位	3	2298	0
低洼	1	4319	0
眼下	1	4320	0
括	3	2299	0
原庄村	2	2998	0
无气	2	2999	0
包括	3	2300	0
有三人	3	2301	0
三人	6	1420	0
向往	2	3000	0
往外	2	3001	0
缺饭	2	3002	0
卢	2	3003	0
民政局	2	3004	0
政局	2	3005	0
保持联系	1	4321	0
卢琳	1	4322	0
助理	1	4323	0
生威	1	4324	0
高血压	3	2302	0
专家	1	4325	0
打通	1	4326	0
苦	1	4327	0
好人	1	4328	0
辛苦	1	4329	0
爸	6	1421	0
耿庄	3	2303	0
我爸	4	1893	0
我妈	3	2304	0
困着	2	3006	0
生病	1	4330	0
迈	2	3007	0
抬	2	3008	0
秀才	3	2305	0
东北	1	4331	0
北头	2	3009	0
年迈	2	3010	0
高点	1	4332	0
现状	1	4333	0
泥	4	1894	0
现阶段	1	4334	0
阶段	1	4335	0
拖拉机	1	4336	0
水泥	2	3011	0
生活必需品	1	4337	0
必需	1	4338	0
必需品	1	4339	0
快要	2	3012	0
预	4	1895	0
帅	1	4340	0
已过	1	4341	0
镇石	1	4342	0
石庄	2	3013	0
石庄村	1	4343	0
三十九	1	4344	0
十九	2	3014	0
东面	1	4345	0
教学	1	4346	0
教学楼	1	4347	0
围墙	2	3015	0
预计	1	4348	0
东郭	3	2306	0
郭村	3	2307	0
七名	1	4349	0
打过	2	3016	0
纤	5	1625	0
北站	2	3017	0
化纤	5	1626	0
化纤厂	5	1627	0
三十多	1	4350	0
多个	2	3018	0
女人	2	3019	0
鹭	1	4351	0
白鹭	1	4352	0
一区	1	4353	0
沙土	1	4354	0
男生	2	3020	0
英才	1	4355	0
耿庄村	1	4356	0
婴	7	1257	0
婴儿	7	1258	0
俊	2	3021	0
辛庄村	3	2308	0
接人	1	4357	0
钰	1	4358	0
涵	2	3022	0
师大	1	4359	0
示	2	3023	0
到处	1	4360	0
提示	1	4361	0
赖	1	4362	0
截至	1	4363	0
极差	1	4364	0
依赖	1	4365	0
拥	1	4366	0
拥堵	1	4367	0
休整	1	4368	0
再涨	1	4369	0
星湖	1	4370	0
求助者	1	4371	0
新华	2	3024	0
书店	2	3025	0
店家	1	4372	0
楼道	1	4373	0
五六	2	3026	0
五六个	1	4374	0
门市	1	4375	0
市里	1	4376	0
东头	1	4377	0
一道	6	1422	0
I	1	4378	0
U	1	4379	0
菜地	2	3027	0
无不	1	4380	0
岀	1	4381	0
第二个	3	2309	0
倒数	1	4382	0
第三家	3	2310	0
高龄	3	2311	0
柳家	1	4383	0
最少	1	4384	0
孺	2	3028	0
较大	2	3029	0
老弱妇孺	1	4385	0
妇孺	2	3030	0
山村	1	4386	0
九个	2	3031	0
妻	1	4387	0
斜对面	1	4388	0
第一家	4	1896	0
早餐	1	4389	0
夫妻	1	4390	0
浑	1	4391	0
浑身	1	4392	0
难受	1	4393	0
中午	2	3032	0
十二	3	2312	0
十二点	2	3033	0
二点	2	3034	0
消防队	1	4394	0
救援车	1	4395	0
箭	1	4396	0
无情	1	4397	0
情人	2	3035	0
有情	1	4398	0
北段	1	4399	0
祥	2	3036	0
祥和	1	4400	0
餐食	1	4401	0
点有	1	4402	0
过夜	1	4403	0
支撑	1	4404	0
最深处	1	4405	0
深处	2	3037	0
情况不明	1	4406	0
不明	1	4407	0
喇	2	3038	0
叭	2	3039	0
喊	2	3040	0
大多数	3	2313	0
多数	4	1897	0
喇叭	2	3041	0
屋子	1	4408	0
屋子里	1	4409	0
听到	2	3042	0
炸	2	3043	0
时有	1	4410	0
爆炸	2	3044	0
念	1	4411	0
岭	1	4412	0
魏	1	4413	0
思念	1	4414	0
果岭	1	4415	0
悦庄	1	4416	0
明确	1	4417	0
统计	1	4418	0
预估	1	4419	0
浅	3	2314	0
墅	1	4420	0
别墅	1	4421	0
别墅区	1	4422	0
冯	2	3045	0
伦	1	4423	0
家乡	2	3046	0
捐助	2	3047	0
安排	3	2315	0
一中	1	4424	0
接待	1	4425	0
千余	1	4426	0
流量	1	4427	0
管用	1	4428	0
托管	1	4429	0
四十	1	4430	0
四十多	1	4431	0
亟	1	4432	0
村内	4	1898	0
微弱	1	4433	0
此时	1	4434	0
雨势	1	4435	0
排出	1	4436	0
沿途	1	4437	0
收到	2	3048	0
尚未	1	4438	0
黄庄	1	4439	0
黄庄村	1	4440	0
电话号码	3	2316	0
潘	1	4441	0
教堂	1	4442	0
钟	3	2317	0
中街	2	3049	0
金钟	2	3050	0
快餐	2	3051	0
十几人	2	3052	0
几人	3	2318	0
张三	3	2319	0
知情	2	3053	0
知情人	1	4443	0
往南	2	3054	0
爸妈	1	4444	0
第三排	2	3055	0
牙	2	3056	0
牙科	2	3057	0
齐腰	1	4445	0
饰	1	4446	0
装饰	1	4447	0
戏	6	1423	0
肥	3	2320	0
阴	1	4448	0
走过	1	4449	0
化肥	3	2321	0
化肥厂	3	2322	0
前方	1	4450	0
康复	2	3058	0
妮	1	4451	0
戏楼	5	1628	0
一家人	1	4452	0
南头	3	2323	0
水快	1	4453	0
四五	1	4454	0
门牌号	3	2324	0
快到	1	4455	0
西北	1	4456	0
紧临	1	4457	0
下边	1	4458	0
援救	2	3059	0
雯	1	4459	0
帘	1	4460	0
窗帘	1	4461	0
赶快	1	4462	0
村中	1	4463	0
饭店	5	1629	0
几十口	4	1899	0
坛	2	3060	0
国道	5	1630	0
坛子	2	3061	0
拉面	2	3062	0
直走	2	3063	0
牌坊	1	4464	0
右边	1	4465	0
一大	2	3064	0
一小	3	2325	0
十来	2	3065	0
椿	1	4466	0
树	2	3066	0
村老	3	2326	0
芳	7	1259	0
芳芳	3	2327	0
美容	2	3067	0
美容院	2	3068	0
东德	1	4467	0
钢铁	1	4468	0
回收	1	4469	0
境	2	3069	0
慢慢	1	4470	0
处境	1	4471	0
双胞胎	1	4472	0
男子	2	3070	0
往里	2	3071	0
左手	2	3072	0
右手边	3	2328	0
好几个	1	4473	0
铁路	6	1424	0
五十多	1	4474	0
两大	1	4475	0
老房子	3	2329	0
以前	2	3073	0
大坑	2	3074	0
缓慢	1	4476	0
东院	2	3075	0
快点	1	4477	0
救生艇	3	2330	0
水塔	1	4478	0
四道	2	3076	0
元老	1	4479	0
想法	1	4480	0
下元村	5	1631	0
房后	2	3077	0
四口	1	4481	0
袋子	2	3078	0
下马	3	2331	0
一个三岁	1	4482	0
三岁	1	4483	0
识	1	4484	0
拦	1	4485	0
陈村	3	2332	0
两处	1	4486	0
处决	1	4487	0
认识	1	4488	0
交警	2	3079	0
交警队	1	4489	0
撕	1	4490	0
谁家	1	4491	0
床单	1	4492	0
条条	1	4493	0
j	1	4494	0
y	1	4495	0
面包车	1	4496	0
包车	1	4497	0
[	2	3080	0
燕	1	4498	0
诗	1	4499	0
产生	1	4500	0
垃圾桶	2	3081	0
配套	1	4501	0
奥	1	4502	0
唑	1	4503	0
胃	1	4504	0
疼	1	4505	0
肚	1	4506	0
藿	1	4507	0
姬	1	4508	0
拉肚子	1	4509	0
肚子	1	4510	0
藿香	1	4511	0
村南	2	3082	0
赵庄	1	4512	0
亲自	1	4513	0
监控	1	4514	0
阵亡	1	4515	0
闺	1	4516	0
明珠	3	2333	0
闺女	1	4517	0
喝奶	1	4518	0
天然	1	4519	0
天然气	1	4520	0
断气	1	4521	0
老公	2	3083	0
随行	1	4522	0
涝	2	3084	1
全城	1	4523	1
排涝	2	3085	1
疫	1	4524	1
防疫	1	4525	1
闫	1	4526	1
闫屯	1	4527	1
村外	1	4528	1
郊	3	2334	1
城郊	3	2335	1
比干	3	2336	1
一二	1	4529	1
一二百	1	4530	1
二百	2	3086	1
两车	1	4531	1
挡住	1	4532	1
降雨量	1	4533	1
验	1	4534	1
一百多	1	4535	1
验证	1	4536	1
真假	1	4537	1
地下道	1	4538	1
相邻	2	3087	1
水污染	1	4539	1
大致	2	3088	1
丁	1	4540	1
河流	1	4541	1
出路	1	4542	1
涵洞	1	4543	1
顶部	1	4544	1
孟河	1	4545	1
四面	2	3089	1
全部都是	1	4546	1
狗	1	4547	1
出生	1	4548	1
150m	1	4549	1
失联时	1	4550	1
知情者	1	4551	1
养	1	4552	1
养猪	1	4553	1
养猪场	1	4554	1
猪场	1	4555	1
挡水	1	4556	1
十一	4	1900	1
宫	1	4557	1
缩	1	4558	1
不平	1	4559	1
平稳	1	4560	1
护卫	1	4561	1
北侧	1	4562	1
穆	3	2337	1
穆庄	2	3090	1
失联中	1	4563	1
猛	1	4564	1
犸	1	4565	1
卫士	1	4566	1
障	2	3091	1
拖车	2	3092	1
收费	2	3093	1
收费站	1	4567	1
出口	1	4568	1
方向	3	2338	1
回来	1	4569	1
故障	1	4570	1
停放	1	4571	1
警务	1	4572	1
男性	1	4573	1
参加	1	4574	1
十一点	2	3094	1
转告	1	4575	1
虎	1	4576	1
弥	1	4577	1
雾	1	4578	1
拍	1	4579	1
摄	1	4580	1
挺住	1	4581	1
来自	1	4582	1
拍摄	1	4583	1
实况	1	4584	1
供给	1	4585	1
坚守	1	4586	1
春	1	4587	1
天津	1	4588	1
野牛	1	4589	1
手套	1	4590	1
刘春	1	4591	1
刘春月	1	4592	1
例	1	4593	1
"	1	4594	1
深水	1	4595	1
高达	1	4596	1
私家车	1	4597	1
例外	1	4598	1
郡	3	2339	1
唐岗龙岸	2	3095	1
北郡	3	2340	1
家长	1	4599	1
椎	1	4600	1
一对	1	4601	1
夫妇	1	4602	1
骨折	1	4603	1
亮	1	4604	1
第九	1	4605	1
中年	2	3096	1
行走	3	2341	1
天亮	1	4606	1
唐岗村	1	4607	1
燃	3	2342	1
坡	2	3097	1
泰山	1	4608	1
高压	1	4609	1
高压电	1	4610	1
燃烧	1	4611	1
山体	2	3098	1
滑坡	2	3099	1
商会	1	4612	1
厂商	1	4613	1
醒	1	4614	1
在外	1	4615	1
燃气	2	3100	1
带到	1	4616	1
救助点	1	4617	1
外出	1	4618	1
提醒	1	4619	1
充电器	1	4620	1
电器	1	4621	1
报平安	1	4622	1
克	2	3101	1
维克	2	3102	1
铃	1	4623	1
线下	1	4624	1
快递	1	4625	1
巩	4	1901	1
巩义	4	1902	1
巩义市	3	2343	1
临时	1	4626	1
场所	1	4627	1
乡镇	1	4628	1
居住地	1	4629	1
山庄	1	4630	1
庄园	1	4631	1
表示	1	4632	1
闻	1	4633	1
若	1	4634	1
大象	1	4635	1
新闻	1	4636	1
车船	2	3103	1
驾驶员	1	4637	1
若干	1	4638	1
急救包	1	4639	1
睡袋	1	4640	1
苏	1	4641	1
城管	1	4642	1
试图	1	4643	1
轮胎	1	4644	1
成功	1	4645	1
村里人	1	4646	1
姨	1	4647	1
没用	1	4648	1
水涨	1	4649	1
信用	3	2344	1
信用社	3	2345	1
病号	2	3104	1
南口	1	4650	1
振	1	4651	1
期中	1	4652	1
振动	1	4653	1
动机	1	4654	1
埋	1	4655	1
发出	2	3105	1
强烈	1	4656	1
求救信号	1	4657	1
百分之	1	4658	1
百分之十	1	4659	1
一千	3	2346	1
一千多	1	4660	1
三楼	3	2347	1
小船	1	4661	1
左边	1	4662	1
环水	1	4663	1
三千名	1	4664	1
携带	1	4665	1
路况	1	4666	1
往西	1	4667	1
第三个	1	4668	1
川	1	4669	1
四川	1	4670	1
向导	1	4671	1
益	2	3106	1
私人	1	4672	1
公益	2	3107	1
掩	1	4673	1
护城河	1	4674	1
渴	1	4675	1
渴死	1	4676	1
饿死	1	4677	1
很快	2	3108	1
穆家	1	4678	1
穆家营	1	4679	1
水浅	2	3109	1
可达	1	4680	1
动力艇	1	4681	1
对抗	1	4682	1
更正	1	4683	1
音	1	4684	1
录音	1	4685	1
报有	1	4686	1
老两口	1	4687	1
求证	1	4688	1
皮鞋	1	4689	1
皮鞋厂	1	4690	1
记不住	1	4691	1
抑	1	4692	1
郁	1	4693	1
跳	1	4694	1
抑郁	1	4695	1
抑郁症	1	4696	1
是从	1	4697	1
跳出	1	4698	1
中华	1	4699	1
右侧	1	4700	1
十来口	1	4701	1
末	1	4702	1
十二日	1	4703	1
二日	1	4704	1
今日	1	4705	1
二十三	1	4706	1
二十三日	1	4707	1
十三日	1	4708	1
送些	1	4709	1
分钟	1	4710	1
图片	1	4711	1
刚来	1	4712	1
婷	2	3110	1
逸	1	4713	1
邹	1	4714	1
杂	1	4715	1
山东	3	2348	1
环境	1	4716	1
复杂	1	4717	1
两台	1	4718	1
沂	1	4719	1
山东省	1	4720	1
临沂	1	4721	1
沙场	1	4722	1
居委会	1	4723	1
涉	1	4724	1
君	1	4725	1
检察官	1	4726	1
涉水	1	4727	1
中等	2	3111	1
劝	1	4728	1
板桥	1	4729	1
李元	1	4730	1
中心小学	1	4731	1
一是	1	4732	1
回流	1	4733	1
二是	1	4734	1
排查	1	4735	1
伙	1	4736	1
伴	1	4737	1
男朋友	1	4738	1
博学	1	4739	1
学理	1	4740	1
那天	1	4741	1
加班	1	4742	1
小伙伴	1	4743	1
伙伴	1	4744	1
扇	1	4745	1
母亲	1	4746	1
福利	1	4747	1
加工	3	2349	1
共计	1	4748	1
回家	1	4749	1
常见	1	4750	1
数名	1	4751	1
礼	2	3112	1
礼堂	2	3113	1
腐	1	4752	1
败	1	4753	1
滋	1	4754	1
味	1	4755	1
剧	1	4756	1
腐败	1	4757	1
滋生	1	4758	1
味道	1	4759	1
剧烈	1	4760	1
最低	1	4761	1
靴	1	4762	1
创	1	4763	1
抢险	1	4764	1
抢险救灾	1	4765	1
跟上	1	4766	1
灾后	1	4767	1
重建	1	4768	1
教育	1	4769	1
教育局	1	4770	1
雨靴	1	4771	1
创可贴	1	4772	1
姥	4	1903	1
遇	1	4773	1
姥姥	2	3114	1
活动	1	4774	1
遇到	1	4775	1
功能	1	4776	1
简易	1	4777	1
简易房	1	4778	1
棉被	2	3115	1
窗口	1	4779	1
冶	1	4780	1
弃	1	4781	1
我哥	1	4782	1
口中	1	4783	1
第八	1	4784	1
放弃	1	4785	1
上来	1	4786	1
预报	1	4787	1
当务之急	1	4788	1
咋	1	4789	1
泥石流	2	3116	1
急切	1	4790	1
急切需要	1	4791	1
苟	1	4792	1
苟堂	1	4793	1
村长	1	4794	1
z	1	4795	1
列	1	4796	1
爱人	1	4797	1
列车	1	4798	1
具体位置	1	4799	1
尉	1	4800	1
尉氏县	1	4801	1
庄头	1	4802	1
目所能	1	4803	1
赶到	1	4804	1
车窗	1	4805	1
三米	1	4806	1
电气	1	4807	1
助手	1	4808	1
手机号码	1	4809	1
学家	1	4810	1
|	1	4811	1
曹	1	4812	1
静	2	3117	1
仅存	1	4813	1
静静	1	4814	1
人命	1	4815	1
案	1	4816	1
档案	1	4817	1
档案馆	1	4818	1
讲解	1	4819	1
失联前	1	4820	1
两万	1	4821	1
食堂	2	3118	1
让给	1	4822	1
淀	1	4823	1
～	1	4824	1
沿淀	1	4825	1
已有	1	4826	1
…	1	4827	1
弄	1	4828	1
上面	1	4829	1
初	1	4830	1
初中	1	4831	1
偏多	1	4832	1
大路	2	3119	1
感觉	1	4833	1
下街	1	4834	1
蜘	1	4835	1
蛛	1	4836	1
窑	1	4837	1
驻	1	4838	1
蜘蛛	1	4839	1
谐	2	3120	1
市政	2	3121	1
市政府	2	3122	1
和谐	2	3123	1
五号	1	4840	1
少量	1	4841	1
产妇	2	3124	1
满月	1	4842	1
姚	1	4843	1
姚庄村	1	4844	1
住家	1	4845	1
家户	1	4846	1
桥西	1	4847	1
其他人	1	4848	1
袖	1	4849	1
抖	1	4850	1
母子	1	4851	1
领袖	1	4852	1
发抖	1	4853	1
菊	1	4854	1
道口	1	4855	1
大盘	1	4856	1
汤	1	4857	1
羊肉	1	4858	1
皂	1	4859	1
叶	1	4860	1
尾	1	4861	1
大河	1	4862	1
灌进	1	4863	1
龙岗	1	4864	1
老幼	1	4865	1
未来	1	4866	1
操	1	4867	1
老区	1	4868	1
操场	1	4869	1
后边	1	4870	1
铁道	1	4871	1
析	3	2350	1
油库	1	4872	1
透析	3	2351	1
炮	1	4873	1
二炮	1	4874	1
杏	1	4875	1
孙杏	1	4876	1
肾	1	4877	1
衰	1	4878	1
南区	1	4879	1
爸爸	1	4880	1
危及	1	4881	1
乡土	1	4882	1
恶	1	4883	1
劣	1	4884	1
乡里	2	3125	1
人均	1	4885	1
两夜	1	4886	1
恶劣	1	4887	1
北庄	1	4888	1
独自	1	4889	1
人民政府	1	4890	1
村小	3	2352	1
共有	1	4891	1
奋	1	4892	1
奋战	1	4893	1
力保	1	4894	1
机房	2	3126	1
淹过	1	4895	1
汲	2	3127	1
轩	1	4896	1
宾	1	4897	1
汲水	2	3128	1
镇下	2	3129	1
宾馆	1	4898	1
镇下园	1	4899	1
中段	1	4900	1
土产	2	3130	1
弯	1	4901	1
那条	1	4902	1
大爷	1	4903	1
北路	1	4904	1
稻	1	4905	1
乡下	1	4906	1
稻香	1	4907	1
稻香村	1	4908	1
完全小学	1	4909	1
城郊乡	2	3131	1
現	1	4910	1
坤	1	4911	1
油菜	1	4912	1
直达	1	4913	1
四周	1	4914	1
演	1	4915	1
宝塔	1	4916	1
乐观	1	4917	1
耐	1	4918	1
老楼	1	4919	1
残疾人	1	4920	1
鹏	1	4921	1
回民	1	4922	1
落实	1	4923	1
